Radius	Temperature
0	25.9756
0.000977517	25.9756
0.00195503	25.9755
0.00293255	25.9754
0.00391007	25.9753
0.00488759	25.9751
0.0058651	25.9748
0.00684262	25.9746
0.00782014	25.9742
0.00879765	25.9738
0.00977517	25.9734
0.0107527	25.9729
0.0117302	25.9724
0.0127077	25.9718
0.0136852	25.9712
0.0146628	25.9705
0.0156403	25.9698
0.0166178	25.9691
0.0175953	25.9683
0.0185728	25.9674
0.0195503	25.9665
0.0205279	25.9655
0.0215054	25.9645
0.0224829	25.9635
0.0234604	25.9624
0.0244379	25.9612
0.0254154	25.96
0.026393	25.9588
0.0273705	25.9575
0.028348	25.9562
0.0293255	25.9548
0.030303	25.9533
0.0312805	25.9519
0.0322581	25.9503
0.0332356	25.9488
0.0342131	25.9471
0.0351906	25.9455
0.0361681	25.9437
0.0371457	25.942
0.0381232	25.9402
0.0391007	25.9383
0.0400782	25.9364
0.0410557	25.9344
0.0420332	25.9324
0.0430108	25.9304
0.0439883	25.9283
0.0449658	25.9261
0.0459433	25.9239
0.0469208	25.9217
0.0478983	25.9194
0.0488759	25.917
0.0498534	25.9146
0.0508309	25.9122
0.0518084	25.9097
0.0527859	25.9072
0.0537634	25.9046
0.054741	25.902
0.0557185	25.8993
0.056696	25.8966
0.0576735	25.8938
0.058651	25.891
0.0596285	25.8881
0.0606061	25.8852
0.0615836	25.8823
0.0625611	25.8792
0.0635386	25.8762
0.0645161	25.8731
0.0654936	25.8699
0.0664712	25.8667
0.0674487	25.8635
0.0684262	25.8602
0.0694037	25.8568
0.0703812	25.8534
0.0713587	25.85
0.0723363	25.8465
0.0733138	25.843
0.0742913	25.8394
0.0752688	25.8358
0.0762463	25.8321
0.0772239	25.8284
0.0782014	25.8246
0.0791789	25.8208
0.0801564	25.8169
0.0811339	25.813
0.0821114	25.809
0.083089	25.805
0.0840665	25.8009
0.085044	25.7968
0.0860215	25.7927
0.086999	25.7885
0.0879765	25.7842
0.0889541	25.7799
0.0899316	25.7756
0.0909091	25.7712
0.0918866	25.7667
0.0928641	25.7622
0.0938416	25.7577
0.0948192	25.7531
0.0957967	25.7485
0.0967742	25.7438
0.0977517	25.7391
0.0987292	25.7343
0.0997067	25.7295
0.100684	25.7246
0.101662	25.7197
0.102639	25.7147
0.103617	25.7097
0.104594	25.7046
0.105572	25.6995
0.106549	25.6943
0.107527	25.6891
0.108504	25.6839
0.109482	25.6786
0.110459	25.6732
0.111437	25.6678
0.112414	25.6624
0.113392	25.6569
0.11437	25.6513
0.115347	25.6458
0.116325	25.6401
0.117302	25.6344
0.11828	25.6287
0.119257	25.6229
0.120235	25.6171
0.121212	25.6112
0.12219	25.6053
0.123167	25.5993
0.124145	25.5933
0.125122	25.5872
0.1261	25.5811
0.127077	25.575
0.128055	25.5687
0.129032	25.5625
0.13001	25.5562
0.130987	25.5498
0.131965	25.5434
0.132942	25.537
0.13392	25.5305
0.134897	25.5239
0.135875	25.5173
0.136852	25.5107
0.13783	25.504
0.138807	25.4973
0.139785	25.4905
0.140762	25.4837
0.14174	25.4768
0.142717	25.4698
0.143695	25.4629
0.144673	25.4558
0.14565	25.4488
0.146628	25.4417
0.147605	25.4345
0.148583	25.4273
0.14956	25.42
0.150538	25.4127
0.151515	25.4053
0.152493	25.3979
0.15347	25.3905
0.154448	25.383
0.155425	25.3754
0.156403	25.3678
0.15738	25.3602
0.158358	25.3525
0.159335	25.3448
0.160313	25.337
0.16129	25.3291
0.162268	25.3213
0.163245	25.3133
0.164223	25.3053
0.1652	25.2973
0.166178	25.2892
0.167155	25.2811
0.168133	25.273
0.16911	25.2647
0.170088	25.2565
0.171065	25.2482
0.172043	25.2398
0.173021	25.2314
0.173998	25.2229
0.174976	25.2144
0.175953	25.2059
0.176931	25.1973
0.177908	25.1886
0.178886	25.1799
0.179863	25.1712
0.180841	25.1624
0.181818	25.1536
0.182796	25.1447
0.183773	25.1357
0.184751	25.1268
0.185728	25.1177
0.186706	25.1086
0.187683	25.0995
0.188661	25.0904
0.189638	25.0811
0.190616	25.0719
0.191593	25.0625
0.192571	25.0532
0.193548	25.0438
0.194526	25.0343
0.195503	25.0248
0.196481	25.0152
0.197458	25.0056
0.198436	24.996
0.199413	24.9863
0.200391	24.9765
0.201369	24.9668
0.202346	24.9569
0.203324	24.947
0.204301	24.9371
0.205279	24.9271
0.206256	24.9171
0.207234	24.907
0.208211	24.8969
0.209189	24.8867
0.210166	24.8765
0.211144	24.8662
0.212121	24.8559
0.213099	24.8455
0.214076	24.8351
0.215054	24.8246
0.216031	24.8141
0.217009	24.8035
0.217986	24.7929
0.218964	24.7823
0.219941	24.7716
0.220919	24.7608
0.221896	24.75
0.222874	24.7392
0.223851	24.7283
0.224829	24.7174
0.225806	24.7064
0.226784	24.6953
0.227761	24.6842
0.228739	24.6731
0.229717	24.6619
0.230694	24.6507
0.231672	24.6394
0.232649	24.6281
0.233627	24.6167
0.234604	24.6053
0.235582	24.5939
0.236559	24.5823
0.237537	24.5708
0.238514	24.5592
0.239492	24.5475
0.240469	24.5358
0.241447	24.524
0.242424	24.5122
0.243402	24.5004
0.244379	24.4885
0.245357	24.4766
0.246334	24.4646
0.247312	24.4525
0.248289	24.4404
0.249267	24.4283
0.250244	24.4161
0.251222	24.4039
0.252199	24.3916
0.253177	24.3793
0.254154	24.3669
0.255132	24.3545
0.256109	24.342
0.257087	24.3295
0.258065	24.3169
0.259042	24.3043
0.26002	24.2917
0.260997	24.279
0.261975	24.2662
0.262952	24.2534
0.26393	24.2405
0.264907	24.2276
0.265885	24.2147
0.266862	24.2017
0.26784	24.1887
0.268817	24.1756
0.269795	24.1624
0.270772	24.1492
0.27175	24.136
0.272727	24.1227
0.273705	24.1094
0.274682	24.096
0.27566	24.0826
0.276637	24.0691
0.277615	24.0556
0.278592	24.042
0.27957	24.0284
0.280547	24.0147
0.281525	24.001
0.282502	23.9873
0.28348	23.9735
0.284457	23.9596
0.285435	23.9457
0.286413	23.9318
0.28739	23.9178
0.288368	23.9037
0.289345	23.8896
0.290323	23.8755
0.2913	23.8613
0.292278	23.847
0.293255	23.8328
0.294233	23.8184
0.29521	23.8041
0.296188	23.7896
0.297165	23.7751
0.298143	23.7606
0.29912	23.746
0.300098	23.7314
0.301075	23.7168
0.302053	23.702
0.30303	23.6873
0.304008	23.6725
0.304985	23.6576
0.305963	23.6427
0.30694	23.6278
0.307918	23.6128
0.308895	23.5977
0.309873	23.5826
0.31085	23.5675
0.311828	23.5523
0.312805	23.537
0.313783	23.5217
0.314761	23.5064
0.315738	23.491
0.316716	23.4756
0.317693	23.4601
0.318671	23.4446
0.319648	23.429
0.320626	23.4134
0.321603	23.3977
0.322581	23.382
0.323558	23.3662
0.324536	23.3504
0.325513	23.3345
0.326491	23.3186
0.327468	23.3027
0.328446	23.2867
0.329423	23.2706
0.330401	23.2545
0.331378	23.2384
0.332356	23.2222
0.333333	23.2059
0.334311	23.1896
0.335288	23.1733
0.336266	23.1569
0.337243	23.1405
0.338221	23.124
0.339198	23.1075
0.340176	23.0909
0.341153	23.0743
0.342131	23.0576
0.343109	23.0409
0.344086	23.0241
0.345064	23.0073
0.346041	22.9904
0.347019	22.9735
0.347996	22.9565
0.348974	22.9395
0.349951	22.9225
0.350929	22.9054
0.351906	22.8882
0.352884	22.871
0.353861	22.8538
0.354839	22.8365
0.355816	22.8191
0.356794	22.8017
0.357771	22.7843
0.358749	22.7668
0.359726	22.7493
0.360704	22.7317
0.361681	22.7141
0.362659	22.6964
0.363636	22.6787
0.364614	22.6609
0.365591	22.6431
0.366569	22.6252
0.367546	22.6073
0.368524	22.5893
0.369501	22.5713
0.370479	22.5532
0.371457	22.5351
0.372434	22.517
0.373412	22.4988
0.374389	22.4805
0.375367	22.4622
0.376344	22.4439
0.377322	22.4255
0.378299	22.4071
0.379277	22.3886
0.380254	22.37
0.381232	22.3514
0.382209	22.3328
0.383187	22.3141
0.384164	22.2954
0.385142	22.2766
0.386119	22.2578
0.387097	22.2389
0.388074	22.22
0.389052	22.201
0.390029	22.182
0.391007	22.163
0.391984	22.1438
0.392962	22.1247
0.393939	22.1055
0.394917	22.0862
0.395894	22.0669
0.396872	22.0476
0.397849	22.0282
0.398827	22.0087
0.399804	21.9892
0.400782	21.9697
0.40176	21.9501
0.402737	21.9305
0.403715	21.9108
0.404692	21.8911
0.40567	21.8713
0.406647	21.8515
0.407625	21.8316
0.408602	21.8117
0.40958	21.7917
0.410557	21.7717
0.411535	21.7516
0.412512	21.7315
0.41349	21.7113
0.414467	21.6911
0.415445	21.6709
0.416422	21.6506
0.4174	21.6302
0.418377	21.6098
0.419355	21.5893
0.420332	21.5689
0.42131	21.5483
0.422287	21.5277
0.423265	21.5071
0.424242	21.4864
0.42522	21.4657
0.426197	21.4449
0.427175	21.424
0.428152	21.4032
0.42913	21.3822
0.430108	21.3613
0.431085	21.3402
0.432063	21.3192
0.43304	21.2981
0.434018	21.2769
0.434995	21.2557
0.435973	21.2344
0.43695	21.2131
0.437928	21.1917
0.438905	21.1703
0.439883	21.1489
0.44086	21.1274
0.441838	21.1058
0.442815	21.0842
0.443793	21.0626
0.44477	21.0409
0.445748	21.0192
0.446725	20.9974
0.447703	20.9756
0.44868	20.9537
0.449658	20.9317
0.450635	20.9098
0.451613	20.8877
0.45259	20.8657
0.453568	20.8435
0.454545	20.8214
0.455523	20.7992
0.4565	20.7769
0.457478	20.7546
0.458456	20.7322
0.459433	20.7098
0.460411	20.6874
0.461388	20.6649
0.462366	20.6423
0.463343	20.6197
0.464321	20.5971
0.465298	20.5744
0.466276	20.5516
0.467253	20.5288
0.468231	20.506
0.469208	20.4831
0.470186	20.4602
0.471163	20.4372
0.472141	20.4142
0.473118	20.3911
0.474096	20.368
0.475073	20.3448
0.476051	20.3216
0.477028	20.2983
0.478006	20.275
0.478983	20.2516
0.479961	20.2282
0.480938	20.2048
0.481916	20.1813
0.482893	20.1577
0.483871	20.1341
0.484848	20.1105
0.485826	20.0868
0.486804	20.063
0.487781	20.0392
0.488759	20.0154
0.489736	19.9915
0.490714	19.9676
0.491691	19.9436
0.492669	19.9195
0.493646	19.8955
0.494624	19.8713
0.495601	19.8472
0.496579	19.8229
0.497556	19.7987
0.498534	19.7743
0.499511	19.75
0.500489	19.7256
0.501466	19.7011
0.502444	19.6766
0.503421	19.652
0.504399	19.6274
0.505376	19.6028
0.506354	19.5781
0.507331	19.5533
0.508309	19.5285
0.509286	19.5037
0.510264	19.4788
0.511241	19.4539
0.512219	19.4289
0.513196	19.4038
0.514174	19.3788
0.515152	19.3536
0.516129	19.3284
0.517107	19.3032
0.518084	19.2779
0.519062	19.2526
0.520039	19.2273
0.521017	19.2018
0.521994	19.1764
0.522972	19.1509
0.523949	19.1253
0.524927	19.0997
0.525904	19.074
0.526882	19.0483
0.527859	19.0226
0.528837	18.9968
0.529814	18.9709
0.530792	18.945
0.531769	18.9191
0.532747	18.8931
0.533724	18.8671
0.534702	18.841
0.535679	18.8148
0.536657	18.7887
0.537634	18.7624
0.538612	18.7362
0.539589	18.7098
0.540567	18.6835
0.541544	18.657
0.542522	18.6306
0.5435	18.6041
0.544477	18.5775
0.545455	18.5509
0.546432	18.5242
0.54741	18.4975
0.548387	18.4708
0.549365	18.444
0.550342	18.4171
0.55132	18.3902
0.552297	18.3633
0.553275	18.3363
0.554252	18.3092
0.55523	18.2821
0.556207	18.255
0.557185	18.2278
0.558162	18.2006
0.55914	18.1733
0.560117	18.146
0.561095	18.1186
0.562072	18.0912
0.56305	18.0637
0.564027	18.0362
0.565005	18.0086
0.565982	17.981
0.56696	17.9533
0.567937	17.9256
0.568915	17.8979
0.569892	17.8701
0.57087	17.8422
0.571848	17.8143
0.572825	17.7863
0.573803	17.7584
0.57478	17.7303
0.575758	17.7022
0.576735	17.6741
0.577713	17.6459
0.57869	17.6176
0.579668	17.5894
0.580645	17.561
0.581623	17.5327
0.5826	17.5042
0.583578	17.4757
0.584555	17.4472
0.585533	17.4187
0.58651	17.39
0.587488	17.3614
0.588465	17.3327
0.589443	17.3039
0.59042	17.2751
0.591398	17.2462
0.592375	17.2173
0.593353	17.1884
0.59433	17.1594
0.595308	17.1303
0.596285	17.1012
0.597263	17.0721
0.59824	17.0429
0.599218	17.0137
0.600196	16.9844
0.601173	16.955
0.602151	16.9256
0.603128	16.8962
0.604106	16.8667
0.605083	16.8372
0.606061	16.8076
0.607038	16.778
0.608016	16.7483
0.608993	16.7186
0.609971	16.6889
0.610948	16.6591
0.611926	16.6292
0.612903	16.5993
0.613881	16.5693
0.614858	16.5393
0.615836	16.5093
0.616813	16.4792
0.617791	16.449
0.618768	16.4188
0.619746	16.3886
0.620723	16.3583
0.621701	16.328
0.622678	16.2976
0.623656	16.2671
0.624633	16.2367
0.625611	16.2061
0.626588	16.1755
0.627566	16.1449
0.628543	16.1142
0.629521	16.0835
0.630499	16.0528
0.631476	16.0219
0.632454	15.9911
0.633431	15.9602
0.634409	15.9292
0.635386	15.8982
0.636364	15.8671
0.637341	15.836
0.638319	15.8049
0.639296	15.7737
0.640274	15.7424
0.641251	15.7112
0.642229	15.6798
0.643206	15.6484
0.644184	15.617
0.645161	15.5855
0.646139	15.554
0.647116	15.5224
0.648094	15.4908
0.649071	15.4591
0.650049	15.4274
0.651026	15.3956
0.652004	15.3638
0.652981	15.3319
0.653959	15.3
0.654936	15.268
0.655914	15.236
0.656891	15.204
0.657869	15.1718
0.658847	15.1397
0.659824	15.1075
0.660802	15.0752
0.661779	15.0429
0.662757	15.0106
0.663734	14.9782
0.664712	14.9458
0.665689	14.9133
0.666667	14.8807
0.667644	14.8482
0.668622	14.8155
0.669599	14.7828
0.670577	14.7501
0.671554	14.7173
0.672532	14.6845
0.673509	14.6517
0.674487	14.6187
0.675464	14.5858
0.676442	14.5528
0.677419	14.5197
0.678397	14.4866
0.679374	14.4534
0.680352	14.4202
0.681329	14.387
0.682307	14.3537
0.683284	14.3203
0.684262	14.2869
0.685239	14.2535
0.686217	14.22
0.687195	14.1864
0.688172	14.1529
0.68915	14.1192
0.690127	14.0855
0.691105	14.0518
0.692082	14.018
0.69306	13.9842
0.694037	13.9503
0.695015	13.9164
0.695992	13.8824
0.69697	13.8484
0.697947	13.8144
0.698925	13.7802
0.699902	13.7461
0.70088	13.7119
0.701857	13.6776
0.702835	13.6433
0.703812	13.609
0.70479	13.5746
0.705767	13.5401
0.706745	13.5056
0.707722	13.4711
0.7087	13.4365
0.709677	13.4019
0.710655	13.3672
0.711632	13.3324
0.71261	13.2977
0.713587	13.2628
0.714565	13.2279
0.715543	13.193
0.71652	13.158
0.717498	13.123
0.718475	13.088
0.719453	13.0528
0.72043	13.0177
0.721408	12.9825
0.722385	12.9472
0.723363	12.9119
0.72434	12.8765
0.725318	12.8411
0.726295	12.8057
0.727273	12.7702
0.72825	12.7346
0.729228	12.6991
0.730205	12.6634
0.731183	12.6277
0.73216	12.592
0.733138	12.5562
0.734115	12.5204
0.735093	12.4845
0.73607	12.4486
0.737048	12.4126
0.738025	12.3766
0.739003	12.3405
0.73998	12.3044
0.740958	12.2682
0.741935	12.232
0.742913	12.1957
0.743891	12.1594
0.744868	12.1231
0.745846	12.0866
0.746823	12.0502
0.747801	12.0137
0.748778	11.9771
0.749756	11.9405
0.750733	11.9039
0.751711	11.8672
0.752688	11.8305
0.753666	11.7937
0.754643	11.7568
0.755621	11.72
0.756598	11.683
0.757576	11.646
0.758553	11.609
0.759531	11.5719
0.760508	11.5348
0.761486	11.4977
0.762463	11.4604
0.763441	11.4232
0.764418	11.3859
0.765396	11.3485
0.766373	11.3111
0.767351	11.2736
0.768328	11.2361
0.769306	11.1986
0.770283	11.161
0.771261	11.1233
0.772239	11.0856
0.773216	11.0479
0.774194	11.0101
0.775171	10.9723
0.776149	10.9344
0.777126	10.8964
0.778104	10.8584
0.779081	10.8204
0.780059	10.7823
0.781036	10.7442
0.782014	10.706
0.782991	10.6678
0.783969	10.6295
0.784946	10.5912
0.785924	10.5529
0.786901	10.5145
0.787879	10.476
0.788856	10.4375
0.789834	10.3989
0.790811	10.3603
0.791789	10.3217
0.792766	10.283
0.793744	10.2442
0.794721	10.2054
0.795699	10.1666
0.796676	10.1277
0.797654	10.0888
0.798631	10.0498
0.799609	10.0107
0.800587	9.97166
0.801564	9.93253
0.802542	9.89335
0.803519	9.85413
0.804497	9.81485
0.805474	9.77553
0.806452	9.73616
0.807429	9.69675
0.808407	9.65729
0.809384	9.61777
0.810362	9.57821
0.811339	9.53861
0.812317	9.49895
0.813294	9.45925
0.814272	9.4195
0.815249	9.3797
0.816227	9.33985
0.817204	9.29996
0.818182	9.26002
0.819159	9.22003
0.820137	9.17999
0.821114	9.13991
0.822092	9.09978
0.823069	9.0596
0.824047	9.01937
0.825024	8.97909
0.826002	8.93877
0.826979	8.8984
0.827957	8.85798
0.828935	8.81751
0.829912	8.77699
0.83089	8.73643
0.831867	8.69582
0.832845	8.65516
0.833822	8.61446
0.8348	8.5737
0.835777	8.5329
0.836755	8.49205
0.837732	8.45116
0.83871	8.41021
0.839687	8.36922
0.840665	8.32818
0.841642	8.28709
0.84262	8.24595
0.843597	8.20477
0.844575	8.16354
0.845552	8.12226
0.84653	8.08093
0.847507	8.03956
0.848485	7.99813
0.849462	7.95666
0.85044	7.91515
0.851417	7.87358
0.852395	7.83197
0.853372	7.7903
0.85435	7.74859
0.855327	7.70684
0.856305	7.66503
0.857283	7.62318
0.85826	7.58128
0.859238	7.53933
0.860215	7.49734
0.861193	7.45529
0.86217	7.4132
0.863148	7.37106
0.864125	7.32887
0.865103	7.28664
0.86608	7.24436
0.867058	7.20203
0.868035	7.15965
0.869013	7.11722
0.86999	7.07475
0.870968	7.03223
0.871945	6.98966
0.872923	6.94704
0.8739	6.90438
0.874878	6.86166
0.875855	6.8189
0.876833	6.77609
0.87781	6.73324
0.878788	6.69033
0.879765	6.64738
0.880743	6.60438
0.88172	6.56134
0.882698	6.51824
0.883675	6.4751
0.884653	6.43191
0.88563	6.38867
0.886608	6.34538
0.887586	6.30205
0.888563	6.25867
0.889541	6.21524
0.890518	6.17176
0.891496	6.12824
0.892473	6.08467
0.893451	6.04105
0.894428	5.99738
0.895406	5.95366
0.896383	5.9099
0.897361	5.86609
0.898338	5.82223
0.899316	5.77832
0.900293	5.73436
0.901271	5.69036
0.902248	5.64631
0.903226	5.60221
0.904203	5.55807
0.905181	5.51387
0.906158	5.46963
0.907136	5.42534
0.908113	5.38101
0.909091	5.33662
0.910068	5.29219
0.911046	5.24771
0.912023	5.20318
0.913001	5.1586
0.913978	5.11398
0.914956	5.06931
0.915934	5.02459
0.916911	4.97982
0.917889	4.93501
0.918866	4.89015
0.919844	4.84524
0.920821	4.80028
0.921799	4.75527
0.922776	4.71022
0.923754	4.66512
0.924731	4.61997
0.925709	4.57477
0.926686	4.52952
0.927664	4.48423
0.928641	4.43889
0.929619	4.3935
0.930596	4.34807
0.931574	4.30258
0.932551	4.25705
0.933529	4.21147
0.934506	4.16585
0.935484	4.12017
0.936461	4.07445
0.937439	4.02868
0.938416	3.98286
0.939394	3.93699
0.940371	3.89108
0.941349	3.84512
0.942326	3.79911
0.943304	3.75305
0.944282	3.70695
0.945259	3.6608
0.946237	3.6146
0.947214	3.56835
0.948192	3.52205
0.949169	3.47571
0.950147	3.42932
0.951124	3.38288
0.952102	3.33639
0.953079	3.28986
0.954057	3.24327
0.955034	3.19664
0.956012	3.14996
0.956989	3.10324
0.957967	3.05646
0.958944	3.00964
0.959922	2.96277
0.960899	2.91586
0.961877	2.86889
0.962854	2.82188
0.963832	2.77482
0.964809	2.72771
0.965787	2.68056
0.966764	2.63335
0.967742	2.5861
0.968719	2.5388
0.969697	2.49145
0.970674	2.44406
0.971652	2.39662
0.97263	2.34913
0.973607	2.30159
0.974585	2.254
0.975562	2.20637
0.97654	2.15869
0.977517	2.11096
0.978495	2.06318
0.979472	2.01536
0.98045	1.96748
0.981427	1.91956
0.982405	1.8716
0.983382	1.82358
0.98436	1.77552
0.985337	1.7274
0.986315	1.67925
0.987292	1.63104
0.98827	1.58278
0.989247	1.53448
0.990225	1.48613
0.991202	1.43773
0.99218	1.38929
0.993157	1.34079
0.994135	1.29225
0.995112	1.24366
0.99609	1.19503
0.997067	1.14634
0.998045	1.09761
0.999022	1.04883
1	1
