-8.86097e-15
0.0216086
0.0432167
0.0648238
0.0864293
0.108033
0.129633
0.151231
0.172825
0.194414
0.215999
0.237578
0.259152
0.280719
0.302279
0.323832
0.345377
0.366913
0.38844
0.409957
0.431464
0.45296
0.474444
0.495917
0.517377
0.538824
0.560257
0.581675
0.603079
0.624467
0.645839
0.667194
0.688531
0.70985
0.731151
0.752432
0.773693
0.794933
0.816152
0.837348
0.858522
0.879672
0.900797
0.921898
0.942973
0.964021
0.985042
1.00603
1.027
1.04793
1.06883
1.08971
1.11055
1.13135
1.15212
1.17286
1.19356
1.21422
1.23485
1.25544
1.27598
1.29649
1.31695
1.33737
1.35775
1.37808
1.39836
1.4186
1.43878
1.45892
1.479
1.49903
1.51901
1.53893
1.55879
1.57859
1.59834
1.61802
1.63763
1.65718
1.67667
1.69608
1.71543
1.7347
1.75389
1.77301
1.79205
1.81101
1.82988
1.84867
1.86736
1.88597
1.90448
1.9229
1.94122
1.95943
1.97754
1.99554
2.01342
2.03119
2.04884
2.06637
2.08377
2.10103
2.11816
2.13515
2.15199
2.16868
2.18521
2.20158
2.21778
2.2338
2.24965
2.2653
2.28076
2.29601
2.31104
2.32586
2.34044
2.35478
2.36886
2.38268
2.39622
2.40947
2.42241
2.43502
2.44729
2.4592
2.47074
2.48186
2.49256
2.50281
2.51257
2.52181
2.53049
2.53858
2.54602
2.55277
2.55876
2.56393
2.5682
2.57148
2.57365
2.5746
2.57417
2.57218
2.5684
2.56255
2.55426
2.54292
2.52748
2.50759
2.48659
2.46332
2.38418
2.1368
1.72205
1.29084
0.951178
0.713037
0.548908
0.432452
0.34625
0.279837
0.226964
0.183794
0.147874
0.117563
0.0917221
0.069528
0.0503694
0.0337787
0.0193899
0.00691105
-0.00389521
-0.0132245
-0.0212404
-0.028081
-0.0338645
-0.0386927
-0.0426542
-0.0458266
-0.0482784
-0.0500705
-0.0512571
-0.0518873
-0.052005
-0.0516504
-0.05086
-0.0496672
-0.0481029
-0.0461954
-0.0439711
-0.0414546
-0.0386687
-0.0356351
-0.0323738
-0.0289042
-0.0252441
-0.0214109
-0.0174211
-0.0132903
-0.0090338
-0.00466607
-0.000201285
0.00434683
0.00896491
0.0136399
0.0183589
0.0231093
0.0278787
0.0326546
0.0374247
0.0421768
0.0468984
0.0515772
0.0562007
0.0607562
0.0652308
0.0696114
0.0738847
0.0780368
0.0820536
0.0859205
0.0896224
0.0931435
0.0964674
0.099577
0.102454
0.10508
0.107435
0.109498
0.111247
0.112657
0.113703
0.114358
0.114593
0.114376
0.113673
0.112448
0.11066
0.108265
0.105215
0.101458
0.0969358
0.0915832
0.0853287
0.0780925
0.0697848
0.0603047
0.0495381
0.0373556
0.0236093
0.00813012
-0.00927618
-0.0288338
-0.0508019
-0.0754804
-0.103217
-0.134412
-0.169524
-0.209074
-0.253636
-0.303824
-0.360257
-0.423493
-0.493931
-0.571668
-0.656338
-0.746947
-0.841788
-0.938491
-1.03426
-1.12628
-1.21211
-1.29005
-1.35926
-1.41964
-1.47167
-1.51612
-1.55392
-1.58595
-1.61304
-1.6359
-1.65511
-1.67119
-1.68455
-1.69552
-1.70439
-1.71141
-1.71676
-1.72063
-1.72316
-1.72447
-1.72467
-1.72385
-1.72211
-1.7195
-1.7161
-1.71197
-1.70715
-1.70169
-1.69563
-1.68901
-1.68186
-1.67422
-1.66612
-1.65757
-1.64861
-1.63925
-1.62952
-1.61943
-1.60901
-1.59826
-1.58721
-1.57587
-1.56424
-1.55236
-1.54021
-1.52782
-1.5152
-1.50236
-1.4893
-1.47603
-1.46257
-1.44891
-1.43507
-1.42106
-1.40687
-1.39252
-1.37802
-1.36336
-1.34856
-1.33361
-1.31853
-1.30332
-1.28798
-1.27252
-1.25693
-1.24124
-1.22543
-1.20952
-1.19351
-1.17739
-1.16118
-1.14488
-1.12848
-1.112
-1.09543
-1.07878
-1.06206
-1.04525
-1.02838
-1.01143
-0.994414
-0.977332
-0.960185
-0.942976
-0.925707
-0.908381
-0.890998
-0.873563
-0.856075
-0.838537
-0.820952
-0.80332
-0.785644
-0.767925
-0.750165
-0.732366
-0.714529
-0.696656
-0.678749
-0.660808
-0.642837
-0.624835
-0.606805
-0.588748
-0.570665
-0.552558
-0.534429
-0.516278
-0.498108
-0.479918
-0.461712
-0.44349
-0.425253
-0.407003
-0.388742
-0.370469
-0.352188
-0.333898
-0.315602
-0.2973
-0.278994
-0.260685
-0.242375
-0.224065
-0.205755
-0.187448
-0.169144
-0.150845
-0.132552
-0.114267
-0.0959906
-0.0777242
-0.0594691
-0.0412267
-0.0229984
-0.0047855
0.0134106
0.0315885
0.0497469
0.0678843
0.0859992
0.10409
0.122156
0.140195
0.158206
0.176186
0.194136
0.212052
0.229933
0.247779
0.265586
0.283353
0.301079
0.318762
0.3364
0.35399
0.371532
0.389023
0.406461
0.423844
0.44117
0.458436
0.475641
0.492782
0.509857
0.526863
0.543798
0.560659
0.577444
0.594149
0.610771
0.627309
0.643758
0.660115
0.676377
0.692541
0.708603
0.724559
0.740405
0.756137
0.771751
0.787242
0.802606
0.817837
0.832932
0.847883
0.862687
0.877335
0.891824
0.906145
0.920291
0.934257
0.948033
0.961611
0.974983
0.988139
1.00107
1.01376
1.02621
1.0384
1.05031
1.06194
1.07327
1.08428
1.09495
1.10527
1.11521
1.12476
1.13388
1.14255
1.15075
1.15843
1.16556
1.17209
1.17799
1.1832
1.18766
1.1913
1.19404
1.1958
1.19645
1.19588
1.19394
1.19042
1.1851
1.17767
1.16775
1.15478
1.13804
1.11641
1.08819
1.05066
0.999243
0.926315
0.819676
0.662636
0.440264
0.15567
-0.15567
-0.440264
-0.662636
-0.819676
-0.926315
-0.999243
-1.05066
-1.08819
-1.11641
-1.13804
-1.15478
-1.16775
-1.17767
-1.1851
-1.19042
-1.19394
-1.19588
-1.19645
-1.1958
-1.19404
-1.1913
-1.18766
-1.1832
-1.17799
-1.17209
-1.16556
-1.15843
-1.15075
-1.14255
-1.13388
-1.12476
-1.11521
-1.10527
-1.09495
-1.08428
-1.07327
-1.06194
-1.05031
-1.0384
-1.02621
-1.01376
-1.00107
-0.988139
-0.974983
-0.961611
-0.948033
-0.934257
-0.920291
-0.906145
-0.891824
-0.877335
-0.862687
-0.847883
-0.832932
-0.817837
-0.802606
-0.787242
-0.771751
-0.756137
-0.740405
-0.724559
-0.708603
-0.692541
-0.676377
-0.660115
-0.643758
-0.627309
-0.610771
-0.594149
-0.577444
-0.560659
-0.543798
-0.526863
-0.509857
-0.492782
-0.475641
-0.458436
-0.44117
-0.423844
-0.406461
-0.389023
-0.371532
-0.35399
-0.3364
-0.318762
-0.301079
-0.283353
-0.265586
-0.247779
-0.229933
-0.212052
-0.194136
-0.176186
-0.158206
-0.140195
-0.122156
-0.10409
-0.0859992
-0.0678843
-0.0497469
-0.0315885
-0.0134106
0.0047855
0.0229984
0.0412267
0.0594691
0.0777242
0.0959906
0.114267
0.132552
0.150845
0.169144
0.187448
0.205755
0.224065
0.242375
0.260685
0.278994
0.2973
0.315602
0.333898
0.352188
0.370469
0.388742
0.407003
0.425253
0.44349
0.461712
0.479918
0.498108
0.516278
0.534429
0.552558
0.570665
0.588748
0.606805
0.624835
0.642837
0.660808
0.678749
0.696656
0.714529
0.732366
0.750165
0.767925
0.785644
0.80332
0.820952
0.838537
0.856075
0.873563
0.890998
0.908381
0.925707
0.942976
0.960185
0.977332
0.994414
1.01143
1.02838
1.04525
1.06206
1.07878
1.09543
1.112
1.12848
1.14488
1.16118
1.17739
1.19351
1.20952
1.22543
1.24124
1.25693
1.27252
1.28798
1.30332
1.31853
1.33361
1.34856
1.36336
1.37802
1.39252
1.40687
1.42106
1.43507
1.44891
1.46257
1.47603
1.4893
1.50236
1.5152
1.52782
1.54021
1.55236
1.56424
1.57587
1.58721
1.59826
1.60901
1.61943
1.62952
1.63925
1.64861
1.65757
1.66612
1.67422
1.68186
1.68901
1.69563
1.70169
1.70715
1.71197
1.7161
1.7195
1.72211
1.72385
1.72467
1.72447
1.72316
1.72063
1.71676
1.71141
1.70439
1.69552
1.68455
1.67119
1.65511
1.6359
1.61304
1.58595
1.55392
1.51612
1.47167
1.41964
1.35926
1.29005
1.21211
1.12628
1.03426
0.938491
0.841788
0.746947
0.656338
0.571668
0.493931
0.423493
0.360257
0.303824
0.253636
0.209074
0.169524
0.134412
0.103217
0.0754804
0.0508019
0.0288338
0.00927618
-0.00813012
-0.0236093
-0.0373556
-0.0495381
-0.0603047
-0.0697848
-0.0780925
-0.0853287
-0.0915832
-0.0969358
-0.101458
-0.105215
-0.108265
-0.11066
-0.112448
-0.113673
-0.114376
-0.114593
-0.114358
-0.113703
-0.112657
-0.111247
-0.109498
-0.107435
-0.10508
-0.102454
-0.099577
-0.0964674
-0.0931435
-0.0896224
-0.0859205
-0.0820536
-0.0780368
-0.0738847
-0.0696114
-0.0652308
-0.0607562
-0.0562007
-0.0515772
-0.0468984
-0.0421768
-0.0374247
-0.0326546
-0.0278787
-0.0231093
-0.0183589
-0.0136399
-0.00896491
-0.00434683
0.000201285
0.00466607
0.0090338
0.0132903
0.0174211
0.0214109
0.0252441
0.0289042
0.0323738
0.0356351
0.0386687
0.0414546
0.0439711
0.0461954
0.0481029
0.0496672
0.05086
0.0516504
0.052005
0.0518873
0.0512571
0.0500705
0.0482784
0.0458266
0.0426542
0.0386927
0.0338645
0.028081
0.0212404
0.0132245
0.00389521
-0.00691105
-0.0193899
-0.0337787
-0.0503694
-0.069528
-0.0917221
-0.117563
-0.147874
-0.183794
-0.226964
-0.279837
-0.34625
-0.432452
-0.548908
-0.713037
-0.951178
-1.29084
-1.72205
-2.1368
-2.38418
-2.46332
-2.48659
-2.50759
-2.52748
-2.54292
-2.55426
-2.56255
-2.5684
-2.57218
-2.57417
-2.5746
-2.57365
-2.57148
-2.5682
-2.56393
-2.55876
-2.55277
-2.54602
-2.53858
-2.53049
-2.52181
-2.51257
-2.50281
-2.49256
-2.48186
-2.47074
-2.4592
-2.44729
-2.43502
-2.42241
-2.40947
-2.39622
-2.38268
-2.36886
-2.35478
-2.34044
-2.32586
-2.31104
-2.29601
-2.28076
-2.2653
-2.24965
-2.2338
-2.21778
-2.20158
-2.18521
-2.16868
-2.15199
-2.13515
-2.11816
-2.10103
-2.08377
-2.06637
-2.04884
-2.03119
-2.01342
-1.99554
-1.97754
-1.95943
-1.94122
-1.9229
-1.90448
-1.88597
-1.86736
-1.84867
-1.82988
-1.81101
-1.79205
-1.77301
-1.75389
-1.7347
-1.71543
-1.69608
-1.67667
-1.65718
-1.63763
-1.61802
-1.59834
-1.57859
-1.55879
-1.53893
-1.51901
-1.49903
-1.479
-1.45892
-1.43878
-1.4186
-1.39836
-1.37808
-1.35775
-1.33737
-1.31695
-1.29649
-1.27598
-1.25544
-1.23485
-1.21422
-1.19356
-1.17286
-1.15212
-1.13135
-1.11055
-1.08971
-1.06883
-1.04793
-1.027
-1.00603
-0.985042
-0.964021
-0.942973
-0.921898
-0.900797
-0.879672
-0.858522
-0.837348
-0.816152
-0.794933
-0.773693
-0.752432
-0.731151
-0.70985
-0.688531
-0.667194
-0.645839
-0.624467
-0.603079
-0.581675
-0.560257
-0.538824
-0.517377
-0.495917
-0.474444
-0.45296
-0.431464
-0.409957
-0.38844
-0.366913
-0.345377
-0.323832
-0.302279
-0.280719
-0.259152
-0.237578
-0.215999
-0.194414
-0.172825
-0.151231
-0.129633
-0.108033
-0.0864293
-0.0648238
-0.0432167
-0.0216086
-8.86097e-15
