-1.99875e-14
0.0487722
0.0975301
0.146259
0.194945
0.243574
0.29213
0.340601
0.38897
0.437224
0.485348
0.533328
0.581149
0.628795
0.676253
0.723508
0.770544
0.817346
0.8639
0.91019
0.956201
1.00192
1.04733
1.09241
1.13715
1.18153
1.22554
1.26916
1.31238
1.35517
1.39753
1.43943
1.48086
1.5218
1.56224
1.60215
1.64153
1.68034
1.71858
1.75623
1.79327
1.82968
1.86544
1.90054
1.93495
1.96866
2.00165
2.0339
2.06539
2.0961
2.12602
2.15512
2.18338
2.21078
2.23732
2.26295
2.28767
2.31146
2.3343
2.35616
2.37704
2.3969
2.41573
2.43351
2.45023
2.46586
2.48038
2.49379
2.50605
2.51716
2.52709
2.53584
2.54338
2.5497
2.55479
2.55864
2.56122
2.56254
2.56257
2.56131
2.55876
2.55489
2.54972
2.54322
2.53541
2.52627
2.51581
2.50403
2.49094
2.47653
2.46081
2.44379
2.42549
2.40591
2.38507
2.36299
2.33969
2.31518
2.28949
2.26264
2.23466
2.20559
2.17545
2.14428
2.11211
2.07898
2.04493
2.01
1.97424
1.93769
1.9004
1.86241
1.82378
1.78456
1.74479
1.70453
1.66384
1.62276
1.58135
1.53968
1.49778
1.45572
1.41355
1.37133
1.32911
1.28694
1.24487
1.20296
1.16126
1.11981
1.07866
1.03787
0.997465
0.957499
0.918011
0.879041
0.840626
0.802802
0.765603
0.729061
0.693205
0.658064
0.623664
0.590027
0.557177
0.525132
0.493911
0.463529
0.434001
0.405339
0.377553
0.350651
0.324641
0.299527
0.275314
0.252003
0.229594
0.208088
0.187482
0.167772
0.148953
0.131019
0.113964
0.0977799
0.0824565
0.0679842
0.0543521
0.0415483
0.0295603
0.0183748
0.00797774
-0.00164542
-0.0105099
-0.0186315
-0.0260265
-0.0327115
-0.0387038
-0.0440209
-0.0486808
-0.0527016
-0.056102
-0.0589007
-0.0611168
-0.0627696
-0.0638787
-0.0644637
-0.0645443
-0.0641407
-0.0632729
-0.061961
-0.0602254
-0.0580865
-0.0555646
-0.0526804
-0.0494542
-0.0459068
-0.0420586
-0.0379303
-0.0335424
-0.0289157
-0.0240707
-0.0190281
-0.0138083
-0.00843198
-0.00291963
0.00270825
0.00843122
0.0142288
0.0200808
0.0259667
0.0318664
0.0377595
0.0436261
0.049446
0.0551993
0.0608659
0.0664262
0.0718603
0.0771486
0.0822715
0.0872096
0.0919436
0.0964542
0.100722
0.104729
0.108456
0.111884
0.114994
0.117769
0.12019
0.12224
0.1239
0.125154
0.125984
0.126373
0.126304
0.125762
0.12473
0.123192
0.121134
0.11854
0.115396
0.111687
0.107401
0.102524
0.0970438
0.0909482
0.0842258
0.0768659
0.0688585
0.0601941
0.0508641
0.0408605
0.0301763
0.0188052
0.00674178
-0.00601831
-0.0194786
-0.0336416
-0.0485088
-0.0640804
-0.080356
-0.0973334
-0.11501
-0.133381
-0.152441
-0.172183
-0.192599
-0.21368
-0.235415
-0.257791
-0.280796
-0.304413
-0.328627
-0.35342
-0.378773
-0.404664
-0.431072
-0.457974
-0.485344
-0.513156
-0.541384
-0.569997
-0.598967
-0.628261
-0.657849
-0.687696
-0.717768
-0.748029
-0.778445
-0.808978
-0.83959
-0.870243
-0.9009
-0.93152
-0.962064
-0.992494
-1.02277
-1.05285
-1.0827
-1.11227
-1.14154
-1.17045
-1.19897
-1.22707
-1.25471
-1.28185
-1.30845
-1.33449
-1.35993
-1.38474
-1.40888
-1.43233
-1.45506
-1.47704
-1.49825
-1.51866
-1.53826
-1.55701
-1.57489
-1.5919
-1.60801
-1.62321
-1.63748
-1.65081
-1.66319
-1.67461
-1.68506
-1.69453
-1.70303
-1.71053
-1.71705
-1.72258
-1.72711
-1.73066
-1.73321
-1.73477
-1.73536
-1.73496
-1.73358
-1.73124
-1.72794
-1.72368
-1.71848
-1.71235
-1.70529
-1.69732
-1.68844
-1.67867
-1.66802
-1.65651
-1.64414
-1.63093
-1.6169
-1.60205
-1.58641
-1.56998
-1.55279
-1.53484
-1.51616
-1.49676
-1.47665
-1.45586
-1.43439
-1.41227
-1.3895
-1.36612
-1.34212
-1.31754
-1.29238
-1.26666
-1.24041
-1.21363
-1.18635
-1.15857
-1.13032
-1.10162
-1.07248
-1.04291
-1.01294
-0.98258
-0.951846
-0.920757
-0.889329
-0.857578
-0.825522
-0.793176
-0.760558
-0.727684
-0.69457
-0.661233
-0.62769
-0.593957
-0.560051
-0.525988
-0.491784
-0.457457
-0.423022
-0.388496
-0.353895
-0.319237
-0.284537
-0.249813
-0.21508
-0.180355
-0.145656
-0.110998
-0.076398
-0.0418734
-0.00744083
0.026883
0.0610812
0.0951367
0.129032
0.162751
0.196276
0.22959
0.262675
0.295514
0.32809
0.360384
0.392379
0.424057
0.455401
0.486392
0.517012
0.547243
0.577067
0.606464
0.635418
0.663907
0.691915
0.719422
0.746409
0.772857
0.798746
0.824058
0.848772
0.872869
0.89633
0.919135
0.941264
0.962697
0.983414
1.00339
1.02262
1.04107
1.05872
1.07556
1.09156
1.10671
1.12098
1.13435
1.14681
1.15834
1.16891
1.17851
1.18711
1.19471
1.20128
1.2068
1.21126
1.21464
1.21692
1.21809
1.21813
1.21703
1.21477
1.21135
1.20674
1.20094
1.19395
1.18574
1.17631
1.16567
1.15379
1.14068
1.12634
1.11076
1.09395
1.07591
1.05664
1.03615
1.01446
0.991565
0.967486
0.942236
0.915832
0.888295
0.859646
0.829909
0.799112
0.767283
0.734454
0.700658
0.665933
0.630315
0.593847
0.55657
0.518531
0.479777
0.440357
0.400321
0.359724
0.318618
0.277062
0.235111
0.192825
0.150263
0.107485
0.0645529
0.021528
-0.021528
-0.0645529
-0.107485
-0.150263
-0.192825
-0.235111
-0.277062
-0.318618
-0.359724
-0.400321
-0.440357
-0.479777
-0.518531
-0.55657
-0.593847
-0.630315
-0.665933
-0.700658
-0.734454
-0.767283
-0.799112
-0.829909
-0.859646
-0.888295
-0.915832
-0.942236
-0.967486
-0.991565
-1.01446
-1.03615
-1.05664
-1.07591
-1.09395
-1.11076
-1.12634
-1.14068
-1.15379
-1.16567
-1.17631
-1.18574
-1.19395
-1.20094
-1.20674
-1.21135
-1.21477
-1.21703
-1.21813
-1.21809
-1.21692
-1.21464
-1.21126
-1.2068
-1.20128
-1.19471
-1.18711
-1.17851
-1.16891
-1.15834
-1.14681
-1.13435
-1.12098
-1.10671
-1.09156
-1.07556
-1.05872
-1.04107
-1.02262
-1.00339
-0.983414
-0.962697
-0.941264
-0.919135
-0.89633
-0.872869
-0.848772
-0.824058
-0.798746
-0.772857
-0.746409
-0.719422
-0.691915
-0.663907
-0.635418
-0.606464
-0.577067
-0.547243
-0.517012
-0.486392
-0.455401
-0.424057
-0.392379
-0.360384
-0.32809
-0.295514
-0.262675
-0.22959
-0.196276
-0.162751
-0.129032
-0.0951367
-0.0610812
-0.026883
0.00744083
0.0418734
0.076398
0.110998
0.145656
0.180355
0.21508
0.249813
0.284537
0.319237
0.353895
0.388496
0.423022
0.457457
0.491784
0.525988
0.560051
0.593957
0.62769
0.661233
0.69457
0.727684
0.760558
0.793176
0.825522
0.857578
0.889329
0.920757
0.951846
0.98258
1.01294
1.04291
1.07248
1.10162
1.13032
1.15857
1.18635
1.21363
1.24041
1.26666
1.29238
1.31754
1.34212
1.36612
1.3895
1.41227
1.43439
1.45586
1.47665
1.49676
1.51616
1.53484
1.55279
1.56998
1.58641
1.60205
1.6169
1.63093
1.64414
1.65651
1.66802
1.67867
1.68844
1.69732
1.70529
1.71235
1.71848
1.72368
1.72794
1.73124
1.73358
1.73496
1.73536
1.73477
1.73321
1.73066
1.72711
1.72258
1.71705
1.71053
1.70303
1.69453
1.68506
1.67461
1.66319
1.65081
1.63748
1.62321
1.60801
1.5919
1.57489
1.55701
1.53826
1.51866
1.49825
1.47704
1.45506
1.43233
1.40888
1.38474
1.35993
1.33449
1.30845
1.28185
1.25471
1.22707
1.19897
1.17045
1.14154
1.11227
1.0827
1.05285
1.02277
0.992494
0.962064
0.93152
0.9009
0.870243
0.83959
0.808978
0.778445
0.748029
0.717768
0.687696
0.657849
0.628261
0.598967
0.569997
0.541384
0.513156
0.485344
0.457974
0.431072
0.404664
0.378773
0.35342
0.328627
0.304413
0.280796
0.257791
0.235415
0.21368
0.192599
0.172183
0.152441
0.133381
0.11501
0.0973334
0.080356
0.0640804
0.0485088
0.0336416
0.0194786
0.00601831
-0.00674178
-0.0188052
-0.0301763
-0.0408605
-0.0508641
-0.0601941
-0.0688585
-0.0768659
-0.0842258
-0.0909482
-0.0970438
-0.102524
-0.107401
-0.111687
-0.115396
-0.11854
-0.121134
-0.123192
-0.12473
-0.125762
-0.126304
-0.126373
-0.125984
-0.125154
-0.1239
-0.12224
-0.12019
-0.117769
-0.114994
-0.111884
-0.108456
-0.104729
-0.100722
-0.0964542
-0.0919436
-0.0872096
-0.0822715
-0.0771486
-0.0718603
-0.0664262
-0.0608659
-0.0551993
-0.049446
-0.0436261
-0.0377595
-0.0318664
-0.0259667
-0.0200808
-0.0142288
-0.00843122
-0.00270825
0.00291963
0.00843198
0.0138083
0.0190281
0.0240707
0.0289157
0.0335424
0.0379303
0.0420586
0.0459068
0.0494542
0.0526804
0.0555646
0.0580865
0.0602254
0.061961
0.0632729
0.0641407
0.0645443
0.0644637
0.0638787
0.0627696
0.0611168
0.0589007
0.056102
0.0527016
0.0486808
0.0440209
0.0387038
0.0327115
0.0260265
0.0186315
0.0105099
0.00164542
-0.00797774
-0.0183748
-0.0295603
-0.0415483
-0.0543521
-0.0679842
-0.0824565
-0.0977799
-0.113964
-0.131019
-0.148953
-0.167772
-0.187482
-0.208088
-0.229594
-0.252003
-0.275314
-0.299527
-0.324641
-0.350651
-0.377553
-0.405339
-0.434001
-0.463529
-0.493911
-0.525132
-0.557177
-0.590027
-0.623664
-0.658064
-0.693205
-0.729061
-0.765603
-0.802802
-0.840626
-0.879041
-0.918011
-0.957499
-0.997465
-1.03787
-1.07866
-1.11981
-1.16126
-1.20296
-1.24487
-1.28694
-1.32911
-1.37133
-1.41355
-1.45572
-1.49778
-1.53968
-1.58135
-1.62276
-1.66384
-1.70453
-1.74479
-1.78456
-1.82378
-1.86241
-1.9004
-1.93769
-1.97424
-2.01
-2.04493
-2.07898
-2.11211
-2.14428
-2.17545
-2.20559
-2.23466
-2.26264
-2.28949
-2.31518
-2.33969
-2.36299
-2.38507
-2.40591
-2.42549
-2.44379
-2.46081
-2.47653
-2.49094
-2.50403
-2.51581
-2.52627
-2.53541
-2.54322
-2.54972
-2.55489
-2.55876
-2.56131
-2.56257
-2.56254
-2.56122
-2.55864
-2.55479
-2.5497
-2.54338
-2.53584
-2.52709
-2.51716
-2.50605
-2.49379
-2.48038
-2.46586
-2.45023
-2.43351
-2.41573
-2.3969
-2.37704
-2.35616
-2.3343
-2.31146
-2.28767
-2.26295
-2.23732
-2.21078
-2.18338
-2.15512
-2.12602
-2.0961
-2.06539
-2.0339
-2.00165
-1.96866
-1.93495
-1.90054
-1.86544
-1.82968
-1.79327
-1.75623
-1.71858
-1.68034
-1.64153
-1.60215
-1.56224
-1.5218
-1.48086
-1.43943
-1.39753
-1.35517
-1.31238
-1.26916
-1.22554
-1.18153
-1.13715
-1.09241
-1.04733
-1.00192
-0.956201
-0.91019
-0.8639
-0.817346
-0.770544
-0.723508
-0.676253
-0.628795
-0.581149
-0.533328
-0.485348
-0.437224
-0.38897
-0.340601
-0.29213
-0.243574
-0.194945
-0.146259
-0.0975301
-0.0487722
-1.99875e-14
