-6.21031e-15
0.0151328
0.0302655
0.0453979
0.0605299
0.0756614
0.0907923
0.105922
0.121052
0.13618
0.151307
0.166433
0.181557
0.19668
0.211802
0.226921
0.242039
0.257154
0.272268
0.287379
0.302487
0.317593
0.332697
0.347797
0.362895
0.37799
0.393081
0.408169
0.423253
0.438334
0.453411
0.468484
0.483553
0.498618
0.513679
0.528735
0.543786
0.558833
0.573874
0.588911
0.603943
0.618969
0.633989
0.649004
0.664013
0.679016
0.694013
0.709004
0.723988
0.738965
0.753936
0.7689
0.783856
0.798806
0.813748
0.828682
0.843608
0.858527
0.873437
0.888339
0.903232
0.918117
0.932992
0.947859
0.962716
0.977564
0.992402
1.00723
1.02205
1.03686
1.05165
1.06644
1.08121
1.09598
1.11073
1.12547
1.1402
1.15492
1.16962
1.18431
1.19899
1.21366
1.22831
1.24295
1.25757
1.27218
1.28678
1.30136
1.31592
1.33048
1.34501
1.35953
1.37403
1.38852
1.40299
1.41744
1.43187
1.44629
1.46068
1.47506
1.48942
1.50376
1.51808
1.53238
1.54666
1.56091
1.57515
1.58936
1.60355
1.61772
1.63187
1.64599
1.66008
1.67415
1.6882
1.70222
1.71621
1.73018
1.74411
1.75802
1.7719
1.78575
1.79957
1.81336
1.82712
1.84084
1.85453
1.86818
1.88181
1.89539
1.90894
1.92245
1.93592
1.94935
1.96274
1.97609
1.9894
2.00267
2.01588
2.02906
2.04218
2.05526
2.06828
2.08126
2.09418
2.10704
2.11985
2.1326
2.1453
2.15793
2.17049
2.18299
2.19543
2.20779
2.22008
2.2323
2.24444
2.25649
2.26847
2.28036
2.29216
2.30386
2.31547
2.32698
2.33839
2.34968
2.36086
2.37192
2.38286
2.39367
2.40433
2.41485
2.42527
2.43558
2.44543
2.45489
2.46527
2.47523
2.48681
2.49204
2.45315
2.69948
2.40296
0.923334
0.194486
0.00817457
-0.0319309
-0.0400991
-0.041379
-0.0409363
-0.0398422
-0.0383422
-0.0365139
-0.0343978
-0.0320242
-0.0294188
-0.0266043
-0.0236013
-0.0204283
-0.0171023
-0.013639
-0.0100531
-0.00635811
-0.00256682
0.00130865
0.0052568
0.0092666
0.0133275
0.0174291
0.0215616
0.0257151
0.02988
0.0340468
0.038206
0.0423481
0.0464636
0.0505427
0.0545756
0.0585522
0.0624623
0.066295
0.0700391
0.0736831
0.0772146
0.0806208
0.0838877
0.0870008
0.0899442
0.0927007
0.0952518
0.0975771
0.0996543
0.101458
0.102962
0.104133
0.104937
0.105331
0.10527
0.104696
0.103541
0.101724
0.0991393
0.0956498
0.091068
0.08512
0.0773759
0.0671025
0.0529442
0.032215
-0.000647162
-0.0572446
-0.160503
-0.34819
-0.655043
-1.0473
-1.38912
-1.58385
-1.66559
-1.69642
-1.70836
-1.71314
-1.71474
-1.71456
-1.71317
-1.71085
-1.70776
-1.704
-1.69965
-1.69479
-1.68946
-1.68371
-1.67758
-1.67109
-1.66427
-1.65716
-1.64976
-1.6421
-1.6342
-1.62606
-1.61772
-1.60917
-1.60043
-1.59151
-1.58241
-1.57316
-1.56375
-1.55419
-1.5445
-1.53467
-1.52471
-1.51463
-1.50443
-1.49412
-1.48371
-1.47319
-1.46257
-1.45186
-1.44106
-1.43016
-1.41919
-1.40813
-1.39699
-1.38578
-1.37449
-1.36313
-1.3517
-1.34021
-1.32865
-1.31703
-1.30535
-1.29361
-1.28182
-1.26997
-1.25807
-1.24611
-1.23411
-1.22206
-1.20996
-1.19782
-1.18563
-1.1734
-1.16112
-1.14881
-1.13645
-1.12406
-1.11163
-1.09917
-1.08667
-1.07413
-1.06157
-1.04897
-1.03633
-1.02367
-1.01098
-0.998261
-0.985512
-0.972737
-0.959934
-0.947107
-0.934254
-0.921376
-0.908475
-0.895551
-0.882605
-0.869637
-0.856648
-0.843638
-0.830609
-0.81756
-0.804493
-0.791407
-0.778304
-0.765184
-0.752048
-0.738895
-0.725727
-0.712544
-0.699347
-0.686135
-0.67291
-0.659672
-0.646422
-0.633159
-0.619885
-0.6066
-0.593304
-0.579997
-0.566681
-0.553355
-0.54002
-0.526677
-0.513325
-0.499966
-0.486599
-0.473225
-0.459844
-0.446458
-0.433065
-0.419667
-0.406264
-0.392857
-0.379445
-0.366029
-0.35261
-0.339188
-0.325763
-0.312335
-0.298906
-0.285474
-0.272042
-0.258609
-0.245175
-0.231741
-0.218307
-0.204874
-0.191442
-0.178011
-0.164582
-0.151155
-0.13773
-0.124309
-0.11089
-0.0974754
-0.0840646
-0.0706582
-0.0572566
-0.0438601
-0.0304692
-0.0170843
-0.00370572
0.00966606
0.0230307
0.0363877
0.0497367
0.0630772
0.0764089
0.0897313
0.103044
0.116346
0.129638
0.142919
0.156188
0.169445
0.18269
0.195922
0.20914
0.222344
0.235534
0.248709
0.261868
0.275011
0.288138
0.301248
0.314339
0.327413
0.340467
0.353502
0.366517
0.37951
0.392483
0.405433
0.418361
0.431265
0.444145
0.457
0.469829
0.482631
0.495407
0.508154
0.520872
0.53356
0.546218
0.558844
0.571437
0.583997
0.596522
0.609011
0.621463
0.633878
0.646253
0.658588
0.670881
0.683132
0.695338
0.707498
0.719612
0.731676
0.743691
0.755653
0.767562
0.779415
0.791211
0.802948
0.814623
0.826234
0.83778
0.849257
0.860663
0.871996
0.883252
0.894429
0.905524
0.916533
0.927452
0.938279
0.949008
0.959636
0.970158
0.980569
0.990865
1.00104
1.01108
1.021
1.03077
1.04039
1.04985
1.05915
1.06827
1.0772
1.08594
1.09445
1.10274
1.11077
1.11852
1.1259
1.13269
1.13815
1.13966
1.12789
1.07064
0.87196
0.365567
-0.365567
-0.87196
-1.07064
-1.12789
-1.13966
-1.13815
-1.13269
-1.1259
-1.11852
-1.11077
-1.10274
-1.09445
-1.08594
-1.0772
-1.06827
-1.05915
-1.04985
-1.04039
-1.03077
-1.021
-1.01108
-1.00104
-0.990865
-0.980569
-0.970158
-0.959636
-0.949008
-0.938279
-0.927452
-0.916533
-0.905524
-0.894429
-0.883252
-0.871996
-0.860663
-0.849257
-0.83778
-0.826234
-0.814623
-0.802948
-0.791211
-0.779415
-0.767562
-0.755653
-0.743691
-0.731676
-0.719612
-0.707498
-0.695338
-0.683132
-0.670881
-0.658588
-0.646253
-0.633878
-0.621463
-0.609011
-0.596522
-0.583997
-0.571437
-0.558844
-0.546218
-0.53356
-0.520872
-0.508154
-0.495407
-0.482631
-0.469829
-0.457
-0.444145
-0.431265
-0.418361
-0.405433
-0.392483
-0.37951
-0.366517
-0.353502
-0.340467
-0.327413
-0.314339
-0.301248
-0.288138
-0.275011
-0.261868
-0.248709
-0.235534
-0.222344
-0.20914
-0.195922
-0.18269
-0.169445
-0.156188
-0.142919
-0.129638
-0.116346
-0.103044
-0.0897313
-0.0764089
-0.0630772
-0.0497367
-0.0363877
-0.0230307
-0.00966606
0.00370572
0.0170843
0.0304692
0.0438601
0.0572566
0.0706582
0.0840646
0.0974754
0.11089
0.124309
0.13773
0.151155
0.164582
0.178011
0.191442
0.204874
0.218307
0.231741
0.245175
0.258609
0.272042
0.285474
0.298906
0.312335
0.325763
0.339188
0.35261
0.366029
0.379445
0.392857
0.406264
0.419667
0.433065
0.446458
0.459844
0.473225
0.486599
0.499966
0.513325
0.526677
0.54002
0.553355
0.566681
0.579997
0.593304
0.6066
0.619885
0.633159
0.646422
0.659672
0.67291
0.686135
0.699347
0.712544
0.725727
0.738895
0.752048
0.765184
0.778304
0.791407
0.804493
0.81756
0.830609
0.843638
0.856648
0.869637
0.882605
0.895551
0.908475
0.921376
0.934254
0.947107
0.959934
0.972737
0.985512
0.998261
1.01098
1.02367
1.03633
1.04897
1.06157
1.07413
1.08667
1.09917
1.11163
1.12406
1.13645
1.14881
1.16112
1.1734
1.18563
1.19782
1.20996
1.22206
1.23411
1.24611
1.25807
1.26997
1.28182
1.29361
1.30535
1.31703
1.32865
1.34021
1.3517
1.36313
1.37449
1.38578
1.39699
1.40813
1.41919
1.43016
1.44106
1.45186
1.46257
1.47319
1.48371
1.49412
1.50443
1.51463
1.52471
1.53467
1.5445
1.55419
1.56375
1.57316
1.58241
1.59151
1.60043
1.60917
1.61772
1.62606
1.6342
1.6421
1.64976
1.65716
1.66427
1.67109
1.67758
1.68371
1.68946
1.69479
1.69965
1.704
1.70776
1.71085
1.71317
1.71456
1.71474
1.71314
1.70836
1.69642
1.66559
1.58385
1.38912
1.0473
0.655043
0.34819
0.160503
0.0572446
0.000647162
-0.032215
-0.0529442
-0.0671025
-0.0773759
-0.08512
-0.091068
-0.0956498
-0.0991393
-0.101724
-0.103541
-0.104696
-0.10527
-0.105331
-0.104937
-0.104133
-0.102962
-0.101458
-0.0996543
-0.0975771
-0.0952518
-0.0927007
-0.0899442
-0.0870008
-0.0838877
-0.0806208
-0.0772146
-0.0736831
-0.0700391
-0.066295
-0.0624623
-0.0585522
-0.0545756
-0.0505427
-0.0464636
-0.0423481
-0.038206
-0.0340468
-0.02988
-0.0257151
-0.0215616
-0.0174291
-0.0133275
-0.0092666
-0.0052568
-0.00130865
0.00256682
0.00635811
0.0100531
0.013639
0.0171023
0.0204283
0.0236013
0.0266043
0.0294188
0.0320242
0.0343978
0.0365139
0.0383422
0.0398422
0.0409363
0.041379
0.0400991
0.0319309
-0.00817457
-0.194486
-0.923334
-2.40296
-2.69948
-2.45315
-2.49204
-2.48681
-2.47523
-2.46527
-2.45489
-2.44543
-2.43558
-2.42527
-2.41485
-2.40433
-2.39367
-2.38286
-2.37192
-2.36086
-2.34968
-2.33839
-2.32698
-2.31547
-2.30386
-2.29216
-2.28036
-2.26847
-2.25649
-2.24444
-2.2323
-2.22008
-2.20779
-2.19543
-2.18299
-2.17049
-2.15793
-2.1453
-2.1326
-2.11985
-2.10704
-2.09418
-2.08126
-2.06828
-2.05526
-2.04218
-2.02906
-2.01588
-2.00267
-1.9894
-1.97609
-1.96274
-1.94935
-1.93592
-1.92245
-1.90894
-1.89539
-1.88181
-1.86818
-1.85453
-1.84084
-1.82712
-1.81336
-1.79957
-1.78575
-1.7719
-1.75802
-1.74411
-1.73018
-1.71621
-1.70222
-1.6882
-1.67415
-1.66008
-1.64599
-1.63187
-1.61772
-1.60355
-1.58936
-1.57515
-1.56091
-1.54666
-1.53238
-1.51808
-1.50376
-1.48942
-1.47506
-1.46068
-1.44629
-1.43187
-1.41744
-1.40299
-1.38852
-1.37403
-1.35953
-1.34501
-1.33048
-1.31592
-1.30136
-1.28678
-1.27218
-1.25757
-1.24295
-1.22831
-1.21366
-1.19899
-1.18431
-1.16962
-1.15492
-1.1402
-1.12547
-1.11073
-1.09598
-1.08121
-1.06644
-1.05165
-1.03686
-1.02205
-1.00723
-0.992402
-0.977564
-0.962716
-0.947859
-0.932992
-0.918117
-0.903232
-0.888339
-0.873437
-0.858527
-0.843608
-0.828682
-0.813748
-0.798806
-0.783856
-0.7689
-0.753936
-0.738965
-0.723988
-0.709004
-0.694013
-0.679016
-0.664013
-0.649004
-0.633989
-0.618969
-0.603943
-0.588911
-0.573874
-0.558833
-0.543786
-0.528735
-0.513679
-0.498618
-0.483553
-0.468484
-0.453411
-0.438334
-0.423253
-0.408169
-0.393081
-0.37799
-0.362895
-0.347797
-0.332697
-0.317593
-0.302487
-0.287379
-0.272268
-0.257154
-0.242039
-0.226921
-0.211802
-0.19668
-0.181557
-0.166433
-0.151307
-0.13618
-0.121052
-0.105922
-0.0907923
-0.0756614
-0.0605299
-0.0453979
-0.0302655
-0.0151328
-6.21031e-15
