-1.29046e-14
0.0314697
0.062937
0.0943995
0.125855
0.1573
0.188734
0.220153
0.251555
0.282937
0.314298
0.345634
0.376943
0.408223
0.439471
0.470685
0.501861
0.532998
0.564093
0.595142
0.626144
0.657096
0.687995
0.718838
0.749622
0.780344
0.811003
0.841594
0.872115
0.902562
0.932933
0.963225
0.993433
1.02356
1.05359
1.08353
1.11338
1.14312
1.17276
1.2023
1.23172
1.26103
1.29022
1.31929
1.34824
1.37705
1.40572
1.43426
1.46265
1.4909
1.51899
1.54692
1.57469
1.60229
1.62972
1.65696
1.68402
1.71089
1.73756
1.76403
1.79029
1.81633
1.84214
1.86773
1.89307
1.91817
1.94301
1.96759
1.9919
2.01592
2.03966
2.06309
2.08622
2.10902
2.13149
2.15362
2.17539
2.19679
2.21781
2.23843
2.25864
2.27843
2.29778
2.31666
2.33507
2.35299
2.37039
2.38726
2.40357
2.4193
2.43442
2.44892
2.46276
2.47591
2.48835
2.50004
2.51095
2.52104
2.53026
2.53859
2.54597
2.55237
2.55771
2.56197
2.56506
2.56694
2.56753
2.56677
2.56458
2.56087
2.55556
2.54855
2.53975
2.52903
2.5163
2.50142
2.48427
2.46471
2.4426
2.41779
2.39015
2.3595
2.32573
2.28869
2.24825
2.20434
2.15687
2.10583
2.05122
1.99314
1.93173
1.86718
1.79979
1.72989
1.6579
1.58428
1.5095
1.43408
1.35854
1.28337
1.20903
1.13595
1.06452
0.995039
0.927784
0.86296
0.80072
0.74117
0.684371
0.63035
0.579098
0.530585
0.484757
0.441547
0.400875
0.362653
0.326787
0.293181
0.261737
0.232358
0.204948
0.179412
0.155659
0.133601
0.113153
0.0942339
0.0767662
0.0606759
0.0458926
0.0323493
0.0199825
0.00873183
-0.00146006
-0.0106475
-0.018882
-0.0262127
-0.0326861
-0.0383463
-0.0432355
-0.0473936
-0.0508587
-0.0536672
-0.0558537
-0.0574513
-0.0584916
-0.059005
-0.0590204
-0.0585658
-0.0576678
-0.0563521
-0.0546435
-0.052566
-0.0501425
-0.0473953
-0.0443461
-0.0410158
-0.0374247
-0.0335926
-0.0295387
-0.025282
-0.0208406
-0.0162327
-0.0114758
-0.00658733
-0.00158418
0.00351681
0.00869909
0.0139463
0.0192422
0.0245708
0.0299161
0.0352621
0.0405931
0.0458931
0.0511465
0.0563373
0.0614496
0.0664674
0.0713747
0.0761551
0.0807923
0.0852697
0.0895705
0.0936777
0.0975739
0.101242
0.104663
0.107819
0.110693
0.113263
0.115512
0.117419
0.118964
0.120125
0.120881
0.12121
0.121089
0.120495
0.119403
0.117789
0.115626
0.112889
0.109551
0.105582
0.100955
0.095639
0.0896039
0.0828181
0.0752491
0.0668636
0.0576276
0.047506
0.0364634
0.0244634
0.0114692
-0.00255619
-0.0176502
-0.0338503
-0.0511934
-0.0697161
-0.089454
-0.110441
-0.13271
-0.15629
-0.181208
-0.207488
-0.235146
-0.264197
-0.294645
-0.326489
-0.359719
-0.394316
-0.430248
-0.467472
-0.505934
-0.545565
-0.586281
-0.627986
-0.670568
-0.713902
-0.75785
-0.802262
-0.846978
-0.891831
-0.936648
-0.981254
-1.02547
-1.06913
-1.11206
-1.15411
-1.19513
-1.23498
-1.27355
-1.31072
-1.34641
-1.38055
-1.41308
-1.44395
-1.47313
-1.50062
-1.5264
-1.55047
-1.57286
-1.59359
-1.61268
-1.63016
-1.64608
-1.66048
-1.67339
-1.68486
-1.69494
-1.70367
-1.7111
-1.71728
-1.72224
-1.72604
-1.72872
-1.73031
-1.73086
-1.73041
-1.729
-1.72667
-1.72344
-1.71935
-1.71444
-1.70873
-1.70227
-1.69506
-1.68716
-1.67857
-1.66932
-1.65944
-1.64896
-1.63789
-1.62626
-1.61408
-1.60138
-1.58817
-1.57448
-1.56032
-1.5457
-1.53065
-1.51517
-1.49929
-1.48301
-1.46636
-1.44934
-1.43196
-1.41425
-1.3962
-1.37784
-1.35917
-1.34021
-1.32095
-1.30143
-1.28163
-1.26158
-1.24128
-1.22074
-1.19997
-1.17897
-1.15776
-1.13635
-1.11473
-1.09292
-1.07093
-1.04876
-1.02641
-1.00391
-0.981239
-0.958419
-0.935454
-0.912349
-0.88911
-0.865742
-0.842251
-0.818644
-0.794925
-0.771099
-0.747172
-0.72315
-0.699036
-0.674837
-0.650557
-0.6262
-0.601773
-0.577279
-0.552724
-0.528112
-0.503447
-0.478734
-0.453978
-0.429183
-0.404354
-0.379495
-0.354611
-0.329706
-0.304784
-0.27985
-0.254909
-0.229964
-0.20502
-0.180081
-0.155152
-0.130238
-0.105342
-0.0804701
-0.0556255
-0.0308131
-0.00603753
0.0186966
0.0433847
0.0680221
0.092604
0.117126
0.141582
0.165968
0.19028
0.214511
0.238657
0.262713
0.286672
0.310531
0.334282
0.357921
0.381442
0.404839
0.428106
0.451237
0.474224
0.497063
0.519747
0.542267
0.564618
0.586793
0.608783
0.630582
0.65218
0.673572
0.694747
0.715697
0.736413
0.756887
0.777108
0.797066
0.816752
0.836154
0.855261
0.874062
0.892545
0.910698
0.928506
0.945957
0.963037
0.97973
0.996021
1.01189
1.02733
1.04232
1.05683
1.07085
1.08436
1.09734
1.10976
1.12159
1.13283
1.14343
1.15336
1.16261
1.17113
1.1789
1.18588
1.19202
1.19729
1.20165
1.20505
1.20745
1.20878
1.209
1.20804
1.20585
1.20236
1.19749
1.19117
1.18332
1.17385
1.16266
1.14967
1.13475
1.11782
1.09874
1.07739
1.05366
1.0274
0.998478
0.966767
0.93213
0.894438
0.853572
0.809429
0.761924
0.711004
0.656651
0.598893
0.537813
0.473557
0.406338
0.336444
0.264236
0.190144
0.114658
0.0383157
-0.0383157
-0.114658
-0.190144
-0.264236
-0.336444
-0.406338
-0.473557
-0.537813
-0.598893
-0.656651
-0.711004
-0.761924
-0.809429
-0.853572
-0.894438
-0.93213
-0.966767
-0.998478
-1.0274
-1.05366
-1.07739
-1.09874
-1.11782
-1.13475
-1.14967
-1.16266
-1.17385
-1.18332
-1.19117
-1.19749
-1.20236
-1.20585
-1.20804
-1.209
-1.20878
-1.20745
-1.20505
-1.20165
-1.19729
-1.19202
-1.18588
-1.1789
-1.17113
-1.16261
-1.15336
-1.14343
-1.13283
-1.12159
-1.10976
-1.09734
-1.08436
-1.07085
-1.05683
-1.04232
-1.02733
-1.01189
-0.996021
-0.97973
-0.963037
-0.945957
-0.928506
-0.910698
-0.892545
-0.874062
-0.855261
-0.836154
-0.816752
-0.797066
-0.777108
-0.756887
-0.736413
-0.715697
-0.694747
-0.673572
-0.65218
-0.630582
-0.608783
-0.586793
-0.564618
-0.542267
-0.519747
-0.497063
-0.474224
-0.451237
-0.428106
-0.404839
-0.381442
-0.357921
-0.334282
-0.310531
-0.286672
-0.262713
-0.238657
-0.214511
-0.19028
-0.165968
-0.141582
-0.117126
-0.092604
-0.0680221
-0.0433847
-0.0186966
0.00603753
0.0308131
0.0556255
0.0804701
0.105342
0.130238
0.155152
0.180081
0.20502
0.229964
0.254909
0.27985
0.304784
0.329706
0.354611
0.379495
0.404354
0.429183
0.453978
0.478734
0.503447
0.528112
0.552724
0.577279
0.601773
0.6262
0.650557
0.674837
0.699036
0.72315
0.747172
0.771099
0.794925
0.818644
0.842251
0.865742
0.88911
0.912349
0.935454
0.958419
0.981239
1.00391
1.02641
1.04876
1.07093
1.09292
1.11473
1.13635
1.15776
1.17897
1.19997
1.22074
1.24128
1.26158
1.28163
1.30143
1.32095
1.34021
1.35917
1.37784
1.3962
1.41425
1.43196
1.44934
1.46636
1.48301
1.49929
1.51517
1.53065
1.5457
1.56032
1.57448
1.58817
1.60138
1.61408
1.62626
1.63789
1.64896
1.65944
1.66932
1.67857
1.68716
1.69506
1.70227
1.70873
1.71444
1.71935
1.72344
1.72667
1.729
1.73041
1.73086
1.73031
1.72872
1.72604
1.72224
1.71728
1.7111
1.70367
1.69494
1.68486
1.67339
1.66048
1.64608
1.63016
1.61268
1.59359
1.57286
1.55047
1.5264
1.50062
1.47313
1.44395
1.41308
1.38055
1.34641
1.31072
1.27355
1.23498
1.19513
1.15411
1.11206
1.06913
1.02547
0.981254
0.936648
0.891831
0.846978
0.802262
0.75785
0.713902
0.670568
0.627986
0.586281
0.545565
0.505934
0.467472
0.430248
0.394316
0.359719
0.326489
0.294645
0.264197
0.235146
0.207488
0.181208
0.15629
0.13271
0.110441
0.089454
0.0697161
0.0511934
0.0338503
0.0176502
0.00255619
-0.0114692
-0.0244634
-0.0364634
-0.047506
-0.0576276
-0.0668636
-0.0752491
-0.0828181
-0.0896039
-0.095639
-0.100955
-0.105582
-0.109551
-0.112889
-0.115626
-0.117789
-0.119403
-0.120495
-0.121089
-0.12121
-0.120881
-0.120125
-0.118964
-0.117419
-0.115512
-0.113263
-0.110693
-0.107819
-0.104663
-0.101242
-0.0975739
-0.0936777
-0.0895705
-0.0852697
-0.0807923
-0.0761551
-0.0713747
-0.0664674
-0.0614496
-0.0563373
-0.0511465
-0.0458931
-0.0405931
-0.0352621
-0.0299161
-0.0245708
-0.0192422
-0.0139463
-0.00869909
-0.00351681
0.00158418
0.00658733
0.0114758
0.0162327
0.0208406
0.025282
0.0295387
0.0335926
0.0374247
0.0410158
0.0443461
0.0473953
0.0501425
0.052566
0.0546435
0.0563521
0.0576678
0.0585658
0.0590204
0.059005
0.0584916
0.0574513
0.0558537
0.0536672
0.0508587
0.0473936
0.0432355
0.0383463
0.0326861
0.0262127
0.018882
0.0106475
0.00146006
-0.00873183
-0.0199825
-0.0323493
-0.0458926
-0.0606759
-0.0767662
-0.0942339
-0.113153
-0.133601
-0.155659
-0.179412
-0.204948
-0.232358
-0.261737
-0.293181
-0.326787
-0.362653
-0.400875
-0.441547
-0.484757
-0.530585
-0.579098
-0.63035
-0.684371
-0.74117
-0.80072
-0.86296
-0.927784
-0.995039
-1.06452
-1.13595
-1.20903
-1.28337
-1.35854
-1.43408
-1.5095
-1.58428
-1.6579
-1.72989
-1.79979
-1.86718
-1.93173
-1.99314
-2.05122
-2.10583
-2.15687
-2.20434
-2.24825
-2.28869
-2.32573
-2.3595
-2.39015
-2.41779
-2.4426
-2.46471
-2.48427
-2.50142
-2.5163
-2.52903
-2.53975
-2.54855
-2.55556
-2.56087
-2.56458
-2.56677
-2.56753
-2.56694
-2.56506
-2.56197
-2.55771
-2.55237
-2.54597
-2.53859
-2.53026
-2.52104
-2.51095
-2.50004
-2.48835
-2.47591
-2.46276
-2.44892
-2.43442
-2.4193
-2.40357
-2.38726
-2.37039
-2.35299
-2.33507
-2.31666
-2.29778
-2.27843
-2.25864
-2.23843
-2.21781
-2.19679
-2.17539
-2.15362
-2.13149
-2.10902
-2.08622
-2.06309
-2.03966
-2.01592
-1.9919
-1.96759
-1.94301
-1.91817
-1.89307
-1.86773
-1.84214
-1.81633
-1.79029
-1.76403
-1.73756
-1.71089
-1.68402
-1.65696
-1.62972
-1.60229
-1.57469
-1.54692
-1.51899
-1.4909
-1.46265
-1.43426
-1.40572
-1.37705
-1.34824
-1.31929
-1.29022
-1.26103
-1.23172
-1.2023
-1.17276
-1.14312
-1.11338
-1.08353
-1.05359
-1.02356
-0.993433
-0.963225
-0.932933
-0.902562
-0.872115
-0.841594
-0.811003
-0.780344
-0.749622
-0.718838
-0.687995
-0.657096
-0.626144
-0.595142
-0.564093
-0.532998
-0.501861
-0.470685
-0.439471
-0.408223
-0.376943
-0.345634
-0.314298
-0.282937
-0.251555
-0.220153
-0.188734
-0.1573
-0.125855
-0.0943995
-0.062937
-0.0314697
-1.29046e-14
