-4.36283e-15
0.0106312
0.0212623
0.0318933
0.0425243
0.0531552
0.0637859
0.0744164
0.0850467
0.0956767
0.106307
0.116936
0.127565
0.138194
0.148822
0.15945
0.170078
0.180705
0.191331
0.201957
0.212582
0.223207
0.233831
0.244455
0.255077
0.265699
0.27632
0.286941
0.29756
0.308179
0.318797
0.329413
0.340029
0.350644
0.361258
0.371871
0.382482
0.393093
0.403702
0.414311
0.424918
0.435523
0.446128
0.456731
0.467332
0.477933
0.488531
0.499129
0.509725
0.520319
0.530912
0.541503
0.552093
0.56268
0.573267
0.583851
0.594433
0.605014
0.615593
0.62617
0.636745
0.647318
0.657889
0.668458
0.679025
0.68959
0.700152
0.710713
0.721271
0.731827
0.74238
0.752931
0.76348
0.774026
0.78457
0.795111
0.80565
0.816186
0.826719
0.83725
0.847778
0.858303
0.868825
0.879344
0.88986
0.900374
0.910884
0.921391
0.931895
0.942396
0.952894
0.963388
0.973879
0.984367
0.994851
1.00533
1.01581
1.02628
1.03675
1.04722
1.05768
1.06814
1.07859
1.08905
1.09949
1.10993
1.12037
1.13081
1.14124
1.15166
1.16209
1.1725
1.18292
1.19332
1.20373
1.21413
1.22452
1.23491
1.24529
1.25567
1.26605
1.27642
1.28678
1.29714
1.30749
1.31784
1.32818
1.33852
1.34885
1.35918
1.3695
1.37981
1.39012
1.40042
1.41072
1.421
1.43129
1.44156
1.45183
1.4621
1.47235
1.4826
1.49284
1.50308
1.51331
1.52353
1.53374
1.54395
1.55415
1.56434
1.57452
1.5847
1.59486
1.60502
1.61517
1.62531
1.63545
1.64557
1.65568
1.66579
1.67589
1.68598
1.69605
1.70612
1.71618
1.72623
1.73627
1.74629
1.75631
1.76632
1.77631
1.7863
1.79627
1.80623
1.81618
1.82612
1.83605
1.84596
1.85586
1.86575
1.87562
1.88549
1.89533
1.90517
1.91499
1.92479
1.93459
1.94436
1.95412
1.96387
1.9736
1.98331
1.99301
2.00269
2.01235
2.022
2.03163
2.04124
2.05083
2.0604
2.06995
2.07948
2.08899
2.09848
2.10795
2.1174
2.12682
2.13622
2.1456
2.15495
2.16429
2.17362
2.1819
2.19682
2.22286
1.81489
0.917857
0.346133
0.13874
0.0789907
0.0645974
0.0629315
0.0645879
0.0667898
0.0683354
0.0677887
0.0620109
0.0434662
-0.00539424
-0.121267
-0.361435
-0.751856
-1.17567
-1.44935
-1.55975
-1.59145
-1.59614
-1.59253
-1.5864
-1.57947
-1.57224
-1.56487
-1.55741
-1.54986
-1.54225
-1.53456
-1.52682
-1.51901
-1.51114
-1.50322
-1.49524
-1.48721
-1.47914
-1.47101
-1.46284
-1.45462
-1.44636
-1.43806
-1.42972
-1.42134
-1.41292
-1.40446
-1.39597
-1.38745
-1.37889
-1.3703
-1.36168
-1.35303
-1.34435
-1.33565
-1.32691
-1.31815
-1.30936
-1.30054
-1.29171
-1.28284
-1.27396
-1.26505
-1.25611
-1.24716
-1.23818
-1.22919
-1.22017
-1.21114
-1.20208
-1.19301
-1.18392
-1.17481
-1.16568
-1.15654
-1.14738
-1.1382
-1.12901
-1.1198
-1.11057
-1.10134
-1.09208
-1.08282
-1.07354
-1.06424
-1.05494
-1.04561
-1.03628
-1.02694
-1.01758
-1.00821
-0.99883
-0.989438
-0.980035
-0.970622
-0.961197
-0.951763
-0.942318
-0.932863
-0.923399
-0.913925
-0.904442
-0.89495
-0.885449
-0.87594
-0.866422
-0.856895
-0.847361
-0.837819
-0.828269
-0.818711
-0.809146
-0.799574
-0.789995
-0.780409
-0.770816
-0.761217
-0.751611
-0.741999
-0.732381
-0.722757
-0.713128
-0.703492
-0.693851
-0.684205
-0.674553
-0.664897
-0.655235
-0.645569
-0.635898
-0.626222
-0.616542
-0.606858
-0.597169
-0.587477
-0.577781
-0.56808
-0.558376
-0.548669
-0.538958
-0.529244
-0.519527
-0.509806
-0.500083
-0.490356
-0.480627
-0.470896
-0.461162
-0.451425
-0.441686
-0.431945
-0.422202
-0.412457
-0.40271
-0.392962
-0.383212
-0.37346
-0.363707
-0.353952
-0.344196
-0.33444
-0.324682
-0.314923
-0.305164
-0.295403
-0.285643
-0.275881
-0.26612
-0.256358
-0.246596
-0.236834
-0.227072
-0.21731
-0.207548
-0.197787
-0.188026
-0.178266
-0.168507
-0.158748
-0.14899
-0.139233
-0.129477
-0.119723
-0.109969
-0.100218
-0.0904672
-0.0807185
-0.0709716
-0.0612265
-0.0514834
-0.0417423
-0.0320035
-0.0222669
-0.0125328
-0.00280124
0.00692771
0.0166539
0.0263772
0.0360975
0.0458147
0.0555286
0.0652392
0.0749463
0.0846498
0.0943495
0.104045
0.113737
0.123425
0.133109
0.142788
0.152463
0.162133
0.171798
0.181458
0.191113
0.200763
0.210408
0.220047
0.22968
0.239308
0.24893
0.258545
0.268155
0.277758
0.287354
0.296943
0.306526
0.316101
0.325669
0.33523
0.344783
0.354328
0.363865
0.373394
0.382915
0.392426
0.401929
0.411423
0.420908
0.430383
0.439849
0.449304
0.458749
0.468184
0.477609
0.487022
0.496424
0.505815
0.515194
0.524561
0.533916
0.543258
0.552588
0.561904
0.571206
0.580495
0.58977
0.59903
0.608276
0.617506
0.62672
0.635919
0.645101
0.654266
0.663414
0.672545
0.681657
0.690751
0.699825
0.70888
0.717915
0.726929
0.735922
0.744893
0.753841
0.762767
0.771668
0.780546
0.789398
0.798224
0.807023
0.815795
0.824538
0.833251
0.841931
0.850573
0.859162
0.867662
0.875979
0.883851
0.890575
0.894245
0.889761
0.863862
0.784768
0.591762
0.229245
-0.229245
-0.591762
-0.784768
-0.863862
-0.889761
-0.894245
-0.890575
-0.883851
-0.875979
-0.867662
-0.859162
-0.850573
-0.841931
-0.833251
-0.824538
-0.815795
-0.807023
-0.798224
-0.789398
-0.780546
-0.771668
-0.762767
-0.753841
-0.744893
-0.735922
-0.726929
-0.717915
-0.70888
-0.699825
-0.690751
-0.681657
-0.672545
-0.663414
-0.654266
-0.645101
-0.635919
-0.62672
-0.617506
-0.608276
-0.59903
-0.58977
-0.580495
-0.571206
-0.561904
-0.552588
-0.543258
-0.533916
-0.524561
-0.515194
-0.505815
-0.496424
-0.487022
-0.477609
-0.468184
-0.458749
-0.449304
-0.439849
-0.430383
-0.420908
-0.411423
-0.401929
-0.392426
-0.382915
-0.373394
-0.363865
-0.354328
-0.344783
-0.33523
-0.325669
-0.316101
-0.306526
-0.296943
-0.287354
-0.277758
-0.268155
-0.258545
-0.24893
-0.239308
-0.22968
-0.220047
-0.210408
-0.200763
-0.191113
-0.181458
-0.171798
-0.162133
-0.152463
-0.142788
-0.133109
-0.123425
-0.113737
-0.104045
-0.0943495
-0.0846498
-0.0749463
-0.0652392
-0.0555286
-0.0458147
-0.0360975
-0.0263772
-0.0166539
-0.00692771
0.00280124
0.0125328
0.0222669
0.0320035
0.0417423
0.0514834
0.0612265
0.0709716
0.0807185
0.0904672
0.100218
0.109969
0.119723
0.129477
0.139233
0.14899
0.158748
0.168507
0.178266
0.188026
0.197787
0.207548
0.21731
0.227072
0.236834
0.246596
0.256358
0.26612
0.275881
0.285643
0.295403
0.305164
0.314923
0.324682
0.33444
0.344196
0.353952
0.363707
0.37346
0.383212
0.392962
0.40271
0.412457
0.422202
0.431945
0.441686
0.451425
0.461162
0.470896
0.480627
0.490356
0.500083
0.509806
0.519527
0.529244
0.538958
0.548669
0.558376
0.56808
0.577781
0.587477
0.597169
0.606858
0.616542
0.626222
0.635898
0.645569
0.655235
0.664897
0.674553
0.684205
0.693851
0.703492
0.713128
0.722757
0.732381
0.741999
0.751611
0.761217
0.770816
0.780409
0.789995
0.799574
0.809146
0.818711
0.828269
0.837819
0.847361
0.856895
0.866422
0.87594
0.885449
0.89495
0.904442
0.913925
0.923399
0.932863
0.942318
0.951763
0.961197
0.970622
0.980035
0.989438
0.99883
1.00821
1.01758
1.02694
1.03628
1.04561
1.05494
1.06424
1.07354
1.08282
1.09208
1.10134
1.11057
1.1198
1.12901
1.1382
1.14738
1.15654
1.16568
1.17481
1.18392
1.19301
1.20208
1.21114
1.22017
1.22919
1.23818
1.24716
1.25611
1.26505
1.27396
1.28284
1.29171
1.30054
1.30936
1.31815
1.32691
1.33565
1.34435
1.35303
1.36168
1.3703
1.37889
1.38745
1.39597
1.40446
1.41292
1.42134
1.42972
1.43806
1.44636
1.45462
1.46284
1.47101
1.47914
1.48721
1.49524
1.50322
1.51114
1.51901
1.52682
1.53456
1.54225
1.54986
1.55741
1.56487
1.57224
1.57947
1.5864
1.59253
1.59614
1.59145
1.55975
1.44935
1.17567
0.751856
0.361435
0.121267
0.00539424
-0.0434662
-0.0620109
-0.0677887
-0.0683354
-0.0667898
-0.0645879
-0.0629315
-0.0645974
-0.0789907
-0.13874
-0.346133
-0.917857
-1.81489
-2.22286
-2.19682
-2.1819
-2.17362
-2.16429
-2.15495
-2.1456
-2.13622
-2.12682
-2.1174
-2.10795
-2.09848
-2.08899
-2.07948
-2.06995
-2.0604
-2.05083
-2.04124
-2.03163
-2.022
-2.01235
-2.00269
-1.99301
-1.98331
-1.9736
-1.96387
-1.95412
-1.94436
-1.93459
-1.92479
-1.91499
-1.90517
-1.89533
-1.88549
-1.87562
-1.86575
-1.85586
-1.84596
-1.83605
-1.82612
-1.81618
-1.80623
-1.79627
-1.7863
-1.77631
-1.76632
-1.75631
-1.74629
-1.73627
-1.72623
-1.71618
-1.70612
-1.69605
-1.68598
-1.67589
-1.66579
-1.65568
-1.64557
-1.63545
-1.62531
-1.61517
-1.60502
-1.59486
-1.5847
-1.57452
-1.56434
-1.55415
-1.54395
-1.53374
-1.52353
-1.51331
-1.50308
-1.49284
-1.4826
-1.47235
-1.4621
-1.45183
-1.44156
-1.43129
-1.421
-1.41072
-1.40042
-1.39012
-1.37981
-1.3695
-1.35918
-1.34885
-1.33852
-1.32818
-1.31784
-1.30749
-1.29714
-1.28678
-1.27642
-1.26605
-1.25567
-1.24529
-1.23491
-1.22452
-1.21413
-1.20373
-1.19332
-1.18292
-1.1725
-1.16209
-1.15166
-1.14124
-1.13081
-1.12037
-1.10993
-1.09949
-1.08905
-1.07859
-1.06814
-1.05768
-1.04722
-1.03675
-1.02628
-1.01581
-1.00533
-0.994851
-0.984367
-0.973879
-0.963388
-0.952894
-0.942396
-0.931895
-0.921391
-0.910884
-0.900374
-0.88986
-0.879344
-0.868825
-0.858303
-0.847778
-0.83725
-0.826719
-0.816186
-0.80565
-0.795111
-0.78457
-0.774026
-0.76348
-0.752931
-0.74238
-0.731827
-0.721271
-0.710713
-0.700152
-0.68959
-0.679025
-0.668458
-0.657889
-0.647318
-0.636745
-0.62617
-0.615593
-0.605014
-0.594433
-0.583851
-0.573267
-0.56268
-0.552093
-0.541503
-0.530912
-0.520319
-0.509725
-0.499129
-0.488531
-0.477933
-0.467332
-0.456731
-0.446128
-0.435523
-0.424918
-0.414311
-0.403702
-0.393093
-0.382482
-0.371871
-0.361258
-0.350644
-0.340029
-0.329413
-0.318797
-0.308179
-0.29756
-0.286941
-0.27632
-0.265699
-0.255077
-0.244455
-0.233831
-0.223207
-0.212582
-0.201957
-0.191331
-0.180705
-0.170078
-0.15945
-0.148822
-0.138194
-0.127565
-0.116936
-0.106307
-0.0956767
-0.0850467
-0.0744164
-0.0637859
-0.0531552
-0.0425243
-0.0318933
-0.0212623
-0.0106312
-4.36283e-15
