0
0.031547
0.0630892
0.0946241
0.126149
0.157663
0.189162
0.220644
0.252106
0.283547
0.314964
0.346355
0.377716
0.409045
0.440341
0.4716
0.502819
0.533997
0.56513
0.596217
0.627253
0.658237
0.689166
0.720037
0.750848
0.781594
0.812274
0.842885
0.873423
0.903886
0.93427
0.964573
0.994791
1.02492
1.05496
1.0849
1.11475
1.14449
1.17413
1.20366
1.23307
1.26237
1.29155
1.32061
1.34953
1.37832
1.40698
1.43549
1.46386
1.49207
1.52013
1.54803
1.57576
1.60332
1.63071
1.65791
1.68492
1.71174
1.73836
1.76477
1.79097
1.81695
1.8427
1.86822
1.89349
1.91852
1.94329
1.96779
1.99201
2.01595
2.0396
2.06294
2.08597
2.10868
2.13105
2.15307
2.17473
2.19602
2.21693
2.23743
2.25752
2.27718
2.2964
2.31515
2.33343
2.3512
2.36846
2.38518
2.40133
2.41691
2.43188
2.44621
2.45988
2.47287
2.48514
2.49665
2.50739
2.5173
2.52635
2.5345
2.5417
2.54791
2.55309
2.55716
2.56009
2.56181
2.56225
2.56135
2.55902
2.5552
2.54979
2.5427
2.53385
2.52312
2.5104
2.49558
2.47854
2.45914
2.43725
2.41273
2.38544
2.35524
2.32197
2.28552
2.24574
2.20253
2.15582
2.10554
2.05168
1.99429
1.93346
1.86935
1.8022
1.73232
1.66009
1.58594
1.51036
1.43388
1.35705
1.2804
1.20446
1.12969
1.05654
0.985381
0.916514
0.850186
0.786577
0.725809
0.667956
0.613044
0.561064
0.511977
0.46572
0.422214
0.381366
0.343075
0.307235
0.273736
0.242471
0.213332
0.186211
0.161008
0.137623
0.115962
0.0959329
0.0774512
0.0604343
0.0448048
0.0304891
0.0174175
0.0055243
-0.00518203
-0.0147786
-0.0233956
-0.0310834
-0.0378895
-0.0438592
-0.0490352
-0.0534586
-0.0571679
-0.0602003
-0.062591
-0.0643735
-0.0655801
-0.0662413
-0.0663867
-0.0660444
-0.0652415
-0.064004
-0.0623569
-0.0603243
-0.0579295
-0.055195
-0.0521424
-0.048793
-0.045167
-0.0412844
-0.0371646
-0.0328263
-0.0282879
-0.0235675
-0.0186827
-0.0136507
-0.00848855
-0.00321288
0.00216256
0.00762091
0.0131411
0.0187071
0.0243031
0.0299132
0.0355219
0.0411135
0.0466725
0.0521832
0.05763
0.0629972
0.0682692
0.07343
0.0784636
0.0833539
0.0880847
0.0926392
0.0970009
0.101153
0.105077
0.108757
0.112173
0.115309
0.118144
0.120661
0.122838
0.124656
0.126095
0.127133
0.127748
0.127918
0.127619
0.126828
0.12552
0.123669
0.121251
0.118236
0.114599
0.11031
0.105339
0.099655
0.0932276
0.0860238
0.0780099
0.0691516
0.0594134
0.0487589
0.0371509
0.0245515
0.0109219
-0.0038288
-0.0198586
-0.0370622
-0.0554799
-0.0751513
-0.0961148
-0.118407
-0.142062
-0.167112
-0.193583
-0.221497
-0.250872
-0.281716
-0.31403
-0.347806
-0.383023
-0.41965
-0.457642
-0.496938
-0.537464
-0.579128
-0.621823
-0.665425
-0.709796
-0.754784
-0.800223
-0.845939
-0.89175
-0.937468
-0.982908
-1.02788
-1.07221
-1.11573
-1.15827
-1.19969
-1.23985
-1.27865
-1.31597
-1.35175
-1.38591
-1.4184
-1.4492
-1.47827
-1.50562
-1.53124
-1.55514
-1.57735
-1.59789
-1.61679
-1.63409
-1.64983
-1.66406
-1.67681
-1.68813
-1.69806
-1.70666
-1.71398
-1.72004
-1.72491
-1.72862
-1.73121
-1.73274
-1.73323
-1.73273
-1.73127
-1.72889
-1.72563
-1.72152
-1.71658
-1.71086
-1.70438
-1.69716
-1.68925
-1.68065
-1.67141
-1.66153
-1.65105
-1.63998
-1.62836
-1.61618
-1.60349
-1.59029
-1.57661
-1.56245
-1.54784
-1.5328
-1.51733
-1.50145
-1.48519
-1.46854
-1.45152
-1.43415
-1.41644
-1.3984
-1.38004
-1.36137
-1.3424
-1.32315
-1.30362
-1.28382
-1.26376
-1.24345
-1.2229
-1.20212
-1.18111
-1.15989
-1.13846
-1.11683
-1.095
-1.07298
-1.05079
-1.02842
-1.00589
-0.983191
-0.960342
-0.937345
-0.914206
-0.89093
-0.867525
-0.843994
-0.820345
-0.796581
-0.772709
-0.748734
-0.724661
-0.700495
-0.67624
-0.651903
-0.627487
-0.602998
-0.57844
-0.553818
-0.529137
-0.5044
-0.479614
-0.454781
-0.429907
-0.404997
-0.380053
-0.355082
-0.330087
-0.305073
-0.280043
-0.255003
-0.229957
-0.204909
-0.179863
-0.154824
-0.129796
-0.104783
-0.0797905
-0.0548224
-0.0298832
-0.00497825
0.019867
0.0446597
0.0693988
0.0940802
0.118699
0.143251
0.167731
0.192134
0.216455
0.240689
0.26483
0.288874
0.312815
0.336648
0.360367
0.383966
0.407439
0.430781
0.453985
0.477045
0.499955
0.522708
0.545297
0.567716
0.589957
0.612012
0.633875
0.655538
0.676992
0.698229
0.71924
0.740018
0.760552
0.780832
0.800851
0.820596
0.840057
0.859224
0.878085
0.896628
0.914841
0.932711
0.950224
0.967366
0.984124
1.00048
1.01642
1.03193
1.04698
1.06157
1.07567
1.08926
1.10232
1.11483
1.12676
1.13809
1.14879
1.15884
1.1682
1.17684
1.18474
1.19186
1.19815
1.20359
1.20812
1.21171
1.21431
1.21586
1.21632
1.21562
1.2137
1.21051
1.20597
1.2
1.19253
1.18348
1.17274
1.16023
1.14583
1.12946
1.11097
1.09026
1.0672
1.04164
1.01346
0.982494
0.94861
0.911656
0.871492
0.82798
0.781001
0.730454
0.676266
0.618403
0.556884
0.491784
0.423255
0.351529
0.276928
0.199871
0.120863
0.0404933
-0.0404933
-0.120863
-0.199871
-0.276928
-0.351529
-0.423255
-0.491784
-0.556884
-0.618403
-0.676266
-0.730454
-0.781001
-0.82798
-0.871492
-0.911656
-0.94861
-0.982494
-1.01346
-1.04164
-1.0672
-1.09026
-1.11097
-1.12946
-1.14583
-1.16023
-1.17274
-1.18348
-1.19253
-1.2
-1.20597
-1.21051
-1.2137
-1.21562
-1.21632
-1.21586
-1.21431
-1.21171
-1.20812
-1.20359
-1.19815
-1.19186
-1.18474
-1.17684
-1.1682
-1.15884
-1.14879
-1.13809
-1.12676
-1.11483
-1.10232
-1.08926
-1.07567
-1.06157
-1.04698
-1.03193
-1.01642
-1.00048
-0.984124
-0.967366
-0.950224
-0.932711
-0.914841
-0.896628
-0.878085
-0.859224
-0.840057
-0.820596
-0.800851
-0.780832
-0.760552
-0.740018
-0.71924
-0.698229
-0.676992
-0.655538
-0.633875
-0.612012
-0.589957
-0.567716
-0.545297
-0.522708
-0.499955
-0.477045
-0.453985
-0.430781
-0.407439
-0.383966
-0.360367
-0.336648
-0.312815
-0.288874
-0.26483
-0.240689
-0.216455
-0.192134
-0.167731
-0.143251
-0.118699
-0.0940802
-0.0693988
-0.0446597
-0.019867
0.00497825
0.0298832
0.0548224
0.0797905
0.104783
0.129796
0.154824
0.179863
0.204909
0.229957
0.255003
0.280043
0.305073
0.330087
0.355082
0.380053
0.404997
0.429907
0.454781
0.479614
0.5044
0.529137
0.553818
0.57844
0.602998
0.627487
0.651903
0.67624
0.700495
0.724661
0.748734
0.772709
0.796581
0.820345
0.843994
0.867525
0.89093
0.914206
0.937345
0.960342
0.983191
1.00589
1.02842
1.05079
1.07298
1.095
1.11683
1.13846
1.15989
1.18111
1.20212
1.2229
1.24345
1.26376
1.28382
1.30362
1.32315
1.3424
1.36137
1.38004
1.3984
1.41644
1.43415
1.45152
1.46854
1.48519
1.50145
1.51733
1.5328
1.54784
1.56245
1.57661
1.59029
1.60349
1.61618
1.62836
1.63998
1.65105
1.66153
1.67141
1.68065
1.68925
1.69716
1.70438
1.71086
1.71658
1.72152
1.72563
1.72889
1.73127
1.73273
1.73323
1.73274
1.73121
1.72862
1.72491
1.72004
1.71398
1.70666
1.69806
1.68813
1.67681
1.66406
1.64983
1.63409
1.61679
1.59789
1.57735
1.55514
1.53124
1.50562
1.47827
1.4492
1.4184
1.38591
1.35175
1.31597
1.27865
1.23985
1.19969
1.15827
1.11573
1.07221
1.02788
0.982908
0.937468
0.89175
0.845939
0.800223
0.754784
0.709796
0.665425
0.621823
0.579128
0.537464
0.496938
0.457642
0.41965
0.383023
0.347806
0.31403
0.281716
0.250872
0.221497
0.193583
0.167112
0.142062
0.118407
0.0961148
0.0751513
0.0554799
0.0370622
0.0198586
0.0038288
-0.0109219
-0.0245515
-0.0371509
-0.0487589
-0.0594134
-0.0691516
-0.0780099
-0.0860238
-0.0932276
-0.099655
-0.105339
-0.11031
-0.114599
-0.118236
-0.121251
-0.123669
-0.12552
-0.126828
-0.127619
-0.127918
-0.127748
-0.127133
-0.126095
-0.124656
-0.122838
-0.120661
-0.118144
-0.115309
-0.112173
-0.108757
-0.105077
-0.101153
-0.0970009
-0.0926392
-0.0880847
-0.0833539
-0.0784636
-0.07343
-0.0682692
-0.0629972
-0.05763
-0.0521832
-0.0466725
-0.0411135
-0.0355219
-0.0299132
-0.0243031
-0.0187071
-0.0131411
-0.00762091
-0.00216256
0.00321288
0.00848855
0.0136507
0.0186827
0.0235675
0.0282879
0.0328263
0.0371646
0.0412844
0.045167
0.048793
0.0521424
0.055195
0.0579295
0.0603243
0.0623569
0.064004
0.0652415
0.0660444
0.0663867
0.0662413
0.0655801
0.0643735
0.062591
0.0602003
0.0571679
0.0534586
0.0490352
0.0438592
0.0378895
0.0310834
0.0233956
0.0147786
0.00518203
-0.0055243
-0.0174175
-0.0304891
-0.0448048
-0.0604343
-0.0774512
-0.0959329
-0.115962
-0.137623
-0.161008
-0.186211
-0.213332
-0.242471
-0.273736
-0.307235
-0.343075
-0.381366
-0.422214
-0.46572
-0.511977
-0.561064
-0.613044
-0.667956
-0.725809
-0.786577
-0.850186
-0.916514
-0.985381
-1.05654
-1.12969
-1.20446
-1.2804
-1.35705
-1.43388
-1.51036
-1.58594
-1.66009
-1.73232
-1.8022
-1.86935
-1.93346
-1.99429
-2.05168
-2.10554
-2.15582
-2.20253
-2.24574
-2.28552
-2.32197
-2.35524
-2.38544
-2.41273
-2.43725
-2.45914
-2.47854
-2.49558
-2.5104
-2.52312
-2.53385
-2.5427
-2.54979
-2.5552
-2.55902
-2.56135
-2.56225
-2.56181
-2.56009
-2.55716
-2.55309
-2.54791
-2.5417
-2.5345
-2.52635
-2.5173
-2.50739
-2.49665
-2.48514
-2.47287
-2.45988
-2.44621
-2.43188
-2.41691
-2.40133
-2.38518
-2.36846
-2.3512
-2.33343
-2.31515
-2.2964
-2.27718
-2.25752
-2.23743
-2.21693
-2.19602
-2.17473
-2.15307
-2.13105
-2.10868
-2.08597
-2.06294
-2.0396
-2.01595
-1.99201
-1.96779
-1.94329
-1.91852
-1.89349
-1.86822
-1.8427
-1.81695
-1.79097
-1.76477
-1.73836
-1.71174
-1.68492
-1.65791
-1.63071
-1.60332
-1.57576
-1.54803
-1.52013
-1.49207
-1.46386
-1.43549
-1.40698
-1.37832
-1.34953
-1.32061
-1.29155
-1.26237
-1.23307
-1.20366
-1.17413
-1.14449
-1.11475
-1.0849
-1.05496
-1.02492
-0.994791
-0.964573
-0.93427
-0.903886
-0.873423
-0.842885
-0.812274
-0.781594
-0.750848
-0.720037
-0.689166
-0.658237
-0.627253
-0.596217
-0.56513
-0.533997
-0.502819
-0.4716
-0.440341
-0.409045
-0.377716
-0.346355
-0.314964
-0.283547
-0.252106
-0.220644
-0.189162
-0.157663
-0.126149
-0.0946241
-0.0630892
-0.031547
0
