0
0.0216565
0.0433115
0.0649644
0.0866147
0.108262
0.129905
0.151545
0.17318
0.194809
0.216433
0.238051
0.259662
0.281265
0.302861
0.324448
0.346026
0.367595
0.389154
0.410702
0.432239
0.453764
0.475277
0.496777
0.518264
0.539736
0.561194
0.582637
0.604063
0.625474
0.646867
0.668243
0.6896
0.710938
0.732257
0.753555
0.774832
0.796088
0.817321
0.838531
0.859718
0.88088
0.902017
0.923128
0.944212
0.965268
0.986297
1.0073
1.02827
1.0492
1.07011
1.09099
1.11183
1.13264
1.15341
1.17414
1.19484
1.2155
1.23613
1.25671
1.27725
1.29775
1.3182
1.33861
1.35898
1.3793
1.39957
1.41979
1.43997
1.46009
1.48015
1.50016
1.52012
1.54002
1.55986
1.57964
1.59936
1.61901
1.6386
1.65813
1.67758
1.69696
1.71627
1.73551
1.75467
1.77375
1.79274
1.81166
1.83049
1.84923
1.86788
1.88644
1.9049
1.92326
1.94152
1.95968
1.97772
1.99566
2.01348
2.03118
2.04876
2.06621
2.08353
2.10071
2.11776
2.13466
2.15141
2.168
2.18443
2.2007
2.21679
2.2327
2.24843
2.26396
2.27929
2.2944
2.3093
2.32397
2.3384
2.35257
2.36649
2.38013
2.39348
2.40653
2.41926
2.43166
2.4437
2.45537
2.46665
2.47751
2.48792
2.49785
2.50728
2.51617
2.52448
2.53217
2.53918
2.54546
2.55095
2.55556
2.55923
2.56184
2.56328
2.56341
2.56206
2.55902
2.55403
2.54676
2.53677
2.52346
2.50596
2.48294
2.45207
2.40808
2.32787
2.07637
1.48722
0.928776
0.619848
0.455002
0.352002
0.278639
0.222241
0.176935
0.139537
0.108108
0.0813724
0.0584379
0.0386527
0.0215246
0.00667113
-0.00599264
-0.0168051
-0.0261931
-0.0343022
-0.0412577
-0.0471679
-0.0521275
-0.0562196
-0.059518
-0.0620879
-0.0639881
-0.0652709
-0.0659841
-0.0661706
-0.0658698
-0.0651176
-0.0639469
-0.0623881
-0.0604695
-0.0582171
-0.0556552
-0.0528065
-0.0496925
-0.046333
-0.0427471
-0.0389527
-0.0349668
-0.0308055
-0.0264845
-0.0220185
-0.0174217
-0.0127081
-0.00789085
-0.00298276
0.00200767
0.00706735
0.0121769
0.0173241
0.0224973
0.0276848
0.0328753
0.0380572
0.043219
0.0483494
0.0534366
0.0584692
0.0634354
0.068323
0.0731201
0.0778141
0.0823924
0.0868417
0.0911486
0.0952992
0.099279
0.103073
0.106665
0.11004
0.11318
0.116066
0.11868
0.121002
0.12301
0.124682
0.125993
0.126919
0.12743
0.127497
0.127088
0.126169
0.124701
0.122644
0.119953
0.116578
0.112467
0.107558
0.101787
0.0950793
0.0873536
0.0785174
0.068467
0.0570846
0.044236
0.0297674
0.0135015
-0.00497816
-0.0264906
-0.0508348
-0.0784353
-0.10981
-0.145593
-0.186566
-0.233678
-0.288072
-0.351052
-0.423968
-0.507934
-0.603298
-0.708959
-0.821827
-0.93698
-1.04874
-1.15221
-1.24438
-1.32428
-1.39239
-1.44998
-1.49855
-1.53951
-1.5741
-1.60335
-1.62809
-1.64898
-1.66658
-1.68132
-1.69357
-1.70362
-1.71173
-1.71811
-1.72293
-1.72635
-1.72849
-1.72947
-1.72939
-1.72833
-1.72638
-1.7236
-1.72004
-1.71577
-1.71083
-1.70526
-1.69911
-1.69241
-1.6852
-1.6775
-1.66933
-1.66074
-1.65173
-1.64233
-1.63257
-1.62245
-1.61199
-1.60122
-1.59015
-1.57878
-1.56714
-1.55523
-1.54307
-1.53066
-1.51802
-1.50516
-1.49208
-1.4788
-1.46532
-1.45165
-1.4378
-1.42377
-1.40957
-1.39521
-1.38068
-1.36601
-1.35119
-1.33623
-1.32113
-1.3059
-1.29055
-1.27507
-1.25947
-1.24376
-1.22793
-1.212
-1.19596
-1.17983
-1.16359
-1.14727
-1.13085
-1.11434
-1.09775
-1.08108
-1.06433
-1.0475
-1.03059
-1.01362
-0.996573
-0.97946
-0.962283
-0.945042
-0.927741
-0.910382
-0.892966
-0.875495
-0.857972
-0.840398
-0.822775
-0.805104
-0.787389
-0.76963
-0.751828
-0.733987
-0.716107
-0.698189
-0.680237
-0.66225
-0.64423
-0.62618
-0.6081
-0.589992
-0.571858
-0.553698
-0.535514
-0.517308
-0.499081
-0.480834
-0.462568
-0.444285
-0.425987
-0.407674
-0.389347
-0.371009
-0.35266
-0.334301
-0.315935
-0.297561
-0.279182
-0.260798
-0.242411
-0.224023
-0.205633
-0.187244
-0.168857
-0.150473
-0.132093
-0.113719
-0.0953515
-0.0769922
-0.0586423
-0.040303
-0.021976
-0.00366326
0.0146192
0.0328796
0.0511186
0.0693355
0.087529
0.105698
0.12384
0.141955
0.160041
0.178096
0.196119
0.214108
0.232062
0.249979
0.267857
0.285695
0.303491
0.321244
0.338951
0.35661
0.37422
0.391779
0.409285
0.426735
0.444128
0.461462
0.478734
0.495942
0.513083
0.530156
0.547158
0.564086
0.580937
0.59771
0.6144
0.631006
0.647523
0.663949
0.680281
0.696515
0.712648
0.728676
0.744595
0.760401
0.77609
0.791658
0.8071
0.822411
0.837586
0.852621
0.86751
0.882246
0.896825
0.911239
0.925482
0.939547
0.953426
0.967112
0.980595
0.993868
1.00692
1.01974
1.03233
1.04465
1.05672
1.06851
1.08
1.09119
1.10205
1.11258
1.12274
1.13252
1.1419
1.15085
1.15935
1.16736
1.17485
1.18179
1.18814
1.19384
1.19885
1.20312
1.20657
1.20913
1.21072
1.21124
1.21056
1.20856
1.20506
1.19987
1.19273
1.18335
1.17131
1.1561
1.13701
1.11303
1.08266
1.04347
0.991153
0.916625
0.794644
0.501312
-0.501312
-0.794644
-0.916625
-0.991153
-1.04347
-1.08266
-1.11303
-1.13701
-1.1561
-1.17131
-1.18335
-1.19273
-1.19987
-1.20506
-1.20856
-1.21056
-1.21124
-1.21072
-1.20913
-1.20657
-1.20312
-1.19885
-1.19384
-1.18814
-1.18179
-1.17485
-1.16736
-1.15935
-1.15085
-1.1419
-1.13252
-1.12274
-1.11258
-1.10205
-1.09119
-1.08
-1.06851
-1.05672
-1.04465
-1.03233
-1.01974
-1.00692
-0.993868
-0.980595
-0.967112
-0.953426
-0.939547
-0.925482
-0.911239
-0.896825
-0.882246
-0.86751
-0.852621
-0.837586
-0.822411
-0.8071
-0.791658
-0.77609
-0.760401
-0.744595
-0.728676
-0.712648
-0.696515
-0.680281
-0.663949
-0.647523
-0.631006
-0.6144
-0.59771
-0.580937
-0.564086
-0.547158
-0.530156
-0.513083
-0.495942
-0.478734
-0.461462
-0.444128
-0.426735
-0.409285
-0.391779
-0.37422
-0.35661
-0.338951
-0.321244
-0.303491
-0.285695
-0.267857
-0.249979
-0.232062
-0.214108
-0.196119
-0.178096
-0.160041
-0.141955
-0.12384
-0.105698
-0.087529
-0.0693355
-0.0511186
-0.0328796
-0.0146192
0.00366326
0.021976
0.040303
0.0586423
0.0769922
0.0953515
0.113719
0.132093
0.150473
0.168857
0.187244
0.205633
0.224023
0.242411
0.260798
0.279182
0.297561
0.315935
0.334301
0.35266
0.371009
0.389347
0.407674
0.425987
0.444285
0.462568
0.480834
0.499081
0.517308
0.535514
0.553698
0.571858
0.589992
0.6081
0.62618
0.64423
0.66225
0.680237
0.698189
0.716107
0.733987
0.751828
0.76963
0.787389
0.805104
0.822775
0.840398
0.857972
0.875495
0.892966
0.910382
0.927741
0.945042
0.962283
0.97946
0.996573
1.01362
1.03059
1.0475
1.06433
1.08108
1.09775
1.11434
1.13085
1.14727
1.16359
1.17983
1.19596
1.212
1.22793
1.24376
1.25947
1.27507
1.29055
1.3059
1.32113
1.33623
1.35119
1.36601
1.38068
1.39521
1.40957
1.42377
1.4378
1.45165
1.46532
1.4788
1.49208
1.50516
1.51802
1.53066
1.54307
1.55523
1.56714
1.57878
1.59015
1.60122
1.61199
1.62245
1.63257
1.64233
1.65173
1.66074
1.66933
1.6775
1.6852
1.69241
1.69911
1.70526
1.71083
1.71577
1.72004
1.7236
1.72638
1.72833
1.72939
1.72947
1.72849
1.72635
1.72293
1.71811
1.71173
1.70362
1.69357
1.68132
1.66658
1.64898
1.62809
1.60335
1.5741
1.53951
1.49855
1.44998
1.39239
1.32428
1.24438
1.15221
1.04874
0.93698
0.821827
0.708959
0.603298
0.507934
0.423968
0.351052
0.288072
0.233678
0.186566
0.145593
0.10981
0.0784353
0.0508348
0.0264906
0.00497816
-0.0135015
-0.0297674
-0.044236
-0.0570846
-0.068467
-0.0785174
-0.0873536
-0.0950793
-0.101787
-0.107558
-0.112467
-0.116578
-0.119953
-0.122644
-0.124701
-0.126169
-0.127088
-0.127497
-0.12743
-0.126919
-0.125993
-0.124682
-0.12301
-0.121002
-0.11868
-0.116066
-0.11318
-0.11004
-0.106665
-0.103073
-0.099279
-0.0952992
-0.0911486
-0.0868417
-0.0823924
-0.0778141
-0.0731201
-0.068323
-0.0634354
-0.0584692
-0.0534366
-0.0483494
-0.043219
-0.0380572
-0.0328753
-0.0276848
-0.0224973
-0.0173241
-0.0121769
-0.00706735
-0.00200767
0.00298276
0.00789085
0.0127081
0.0174217
0.0220185
0.0264845
0.0308055
0.0349668
0.0389527
0.0427471
0.046333
0.0496925
0.0528065
0.0556552
0.0582171
0.0604695
0.0623881
0.0639469
0.0651176
0.0658698
0.0661706
0.0659841
0.0652709
0.0639881
0.0620879
0.059518
0.0562196
0.0521275
0.0471679
0.0412577
0.0343022
0.0261931
0.0168051
0.00599264
-0.00667113
-0.0215246
-0.0386527
-0.0584379
-0.0813724
-0.108108
-0.139537
-0.176935
-0.222241
-0.278639
-0.352002
-0.455002
-0.619848
-0.928776
-1.48722
-2.07637
-2.32787
-2.40808
-2.45207
-2.48294
-2.50596
-2.52346
-2.53677
-2.54676
-2.55403
-2.55902
-2.56206
-2.56341
-2.56328
-2.56184
-2.55923
-2.55556
-2.55095
-2.54546
-2.53918
-2.53217
-2.52448
-2.51617
-2.50728
-2.49785
-2.48792
-2.47751
-2.46665
-2.45537
-2.4437
-2.43166
-2.41926
-2.40653
-2.39348
-2.38013
-2.36649
-2.35257
-2.3384
-2.32397
-2.3093
-2.2944
-2.27929
-2.26396
-2.24843
-2.2327
-2.21679
-2.2007
-2.18443
-2.168
-2.15141
-2.13466
-2.11776
-2.10071
-2.08353
-2.06621
-2.04876
-2.03118
-2.01348
-1.99566
-1.97772
-1.95968
-1.94152
-1.92326
-1.9049
-1.88644
-1.86788
-1.84923
-1.83049
-1.81166
-1.79274
-1.77375
-1.75467
-1.73551
-1.71627
-1.69696
-1.67758
-1.65813
-1.6386
-1.61901
-1.59936
-1.57964
-1.55986
-1.54002
-1.52012
-1.50016
-1.48015
-1.46009
-1.43997
-1.41979
-1.39957
-1.3793
-1.35898
-1.33861
-1.3182
-1.29775
-1.27725
-1.25671
-1.23613
-1.2155
-1.19484
-1.17414
-1.15341
-1.13264
-1.11183
-1.09099
-1.07011
-1.0492
-1.02827
-1.0073
-0.986297
-0.965268
-0.944212
-0.923128
-0.902017
-0.88088
-0.859718
-0.838531
-0.817321
-0.796088
-0.774832
-0.753555
-0.732257
-0.710938
-0.6896
-0.668243
-0.646867
-0.625474
-0.604063
-0.582637
-0.561194
-0.539736
-0.518264
-0.496777
-0.475277
-0.453764
-0.432239
-0.410702
-0.389154
-0.367595
-0.346026
-0.324448
-0.302861
-0.281265
-0.259662
-0.238051
-0.216433
-0.194809
-0.17318
-0.151545
-0.129905
-0.108262
-0.0866147
-0.0649644
-0.0433115
-0.0216565
0
