0
0.172082
0.343312
0.513453
0.682198
0.849132
1.01365
1.17477
1.33064
1.47616
1.56471
-0.0502156
-0.0342012
0.0278096
0.0861051
0.102849
-0.990461
-1.17363
-1.07401
-0.944467
-0.803048
-0.655016
-0.502787
-0.347753
-0.190857
-0.0328884
0.124164
0.27778
0.426846
0.568871
0.697862
0.784617
-0.784617
-0.697862
-0.568871
-0.426846
-0.27778
-0.124164
0.0328884
0.190857
0.347753
0.502787
0.655016
0.803048
0.944467
1.07401
1.17363
0.990461
-0.102849
-0.0861051
-0.0278096
0.0342012
0.0502156
-1.56471
-1.47616
-1.33064
-1.17477
-1.01365
-0.849132
-0.682198
-0.513453
-0.343312
-0.172082
0
