0
0.0488522
0.097686
0.146487
0.195241
0.243934
0.292551
0.341077
0.389499
0.437801
0.48597
0.53399
0.581847
0.629527
0.677014
0.724294
0.771352
0.818173
0.864741
0.911042
0.957061
1.00278
1.04819
1.09327
1.138
1.18237
1.22637
1.26998
1.31317
1.35595
1.39828
1.44015
1.48155
1.52246
1.56286
1.60274
1.64207
1.68084
1.71904
1.75664
1.79363
1.82999
1.8657
1.90074
1.9351
1.96875
2.00168
2.03387
2.0653
2.09596
2.12581
2.15484
2.18304
2.21039
2.23686
2.26243
2.2871
2.31083
2.3336
2.35541
2.37623
2.39603
2.41481
2.43255
2.44921
2.4648
2.47928
2.49264
2.50487
2.51594
2.52585
2.53457
2.54209
2.54839
2.55347
2.5573
2.55988
2.56119
2.56123
2.55998
2.55743
2.55359
2.54843
2.54197
2.53418
2.52508
2.51466
2.50293
2.48988
2.47551
2.45985
2.44289
2.42465
2.40513
2.38436
2.36234
2.3391
2.31466
2.28904
2.26226
2.23435
2.20534
2.17527
2.14416
2.11204
2.07897
2.04497
2.01009
1.97437
1.93786
1.9006
1.86264
1.82402
1.78481
1.74504
1.70478
1.66408
1.62299
1.58156
1.53985
1.49791
1.45581
1.41359
1.3713
1.32901
1.28677
1.24462
1.20263
1.16083
1.11929
1.07804
1.03715
0.996636
0.956561
0.916963
0.87788
0.839351
0.801414
0.764101
0.727445
0.691478
0.656226
0.621717
0.587975
0.555021
0.522876
0.491559
0.461086
0.43147
0.402725
0.37486
0.347885
0.321807
0.296632
0.272362
0.249
0.226546
0.205
0.18436
0.164623
0.145782
0.127832
0.110767
0.0945778
0.0792552
0.0647891
0.0511684
0.0383813
0.0264149
0.0152559
0.00489007
-0.00468344
-0.0134824
-0.0215374
-0.0288647
-0.0354812
-0.0414042
-0.0466511
-0.05124
-0.0551891
-0.0585171
-0.0612428
-0.0633852
-0.0649638
-0.0659979
-0.0665073
-0.0665118
-0.0660314
-0.0650862
-0.0636964
-0.0618823
-0.0596643
-0.0570627
-0.0540981
-0.0507911
-0.0471621
-0.0432319
-0.0390209
-0.0345498
-0.0298393
-0.02491
-0.0197824
-0.0144772
-0.00901499
-0.00341623
0.00229943
0.0081113
0.0139973
0.0199369
0.0259097
0.0318956
0.0378742
0.0438254
0.049729
0.0555651
0.0613136
0.0669548
0.0724689
0.0778361
0.0830369
0.0880519
0.0928617
0.097447
0.101789
0.105868
0.109666
0.113165
0.116344
0.119187
0.121676
0.123791
0.125516
0.126833
0.127726
0.128176
0.128167
0.127684
0.126709
0.125228
0.123224
0.120684
0.117592
0.113934
0.109698
0.104868
0.0994342
0.0933831
0.0867035
0.0793846
0.0714163
0.0627889
0.0534938
0.0435229
0.032869
0.0215257
0.00948751
-0.003259
-0.0167362
-0.030921
-0.0458149
-0.0614183
-0.0777305
-0.0947494
-0.112472
-0.130894
-0.150009
-0.169812
-0.190293
-0.211442
-0.23325
-0.255703
-0.278787
-0.302488
-0.326789
-0.351671
-0.377115
-0.403101
-0.429605
-0.456604
-0.484073
-0.511985
-0.540313
-0.569027
-0.598096
-0.627491
-0.657177
-0.687121
-0.717289
-0.747645
-0.778153
-0.808775
-0.839474
-0.870211
-0.900948
-0.931644
-0.962262
-0.992761
-1.0231
-1.05324
-1.08315
-1.11277
-1.14209
-1.17104
-1.19961
-1.22774
-1.25541
-1.28258
-1.3092
-1.33526
-1.36072
-1.38553
-1.40969
-1.43314
-1.45588
-1.47786
-1.49907
-1.51947
-1.53906
-1.5578
-1.57568
-1.59268
-1.60877
-1.62396
-1.63822
-1.65154
-1.6639
-1.67531
-1.68575
-1.69521
-1.7037
-1.71119
-1.7177
-1.72322
-1.72775
-1.73129
-1.73383
-1.7354
-1.73597
-1.73557
-1.7342
-1.73186
-1.72856
-1.72431
-1.71912
-1.71299
-1.70594
-1.69798
-1.68911
-1.67935
-1.66872
-1.65722
-1.64486
-1.63167
-1.61765
-1.60282
-1.58719
-1.57078
-1.55361
-1.53568
-1.51701
-1.49763
-1.47753
-1.45675
-1.4353
-1.41319
-1.39044
-1.36706
-1.34308
-1.31851
-1.29336
-1.26765
-1.2414
-1.21463
-1.18734
-1.15957
-1.13132
-1.10262
-1.07347
-1.04389
-1.01391
-0.983542
-0.952795
-0.92169
-0.890244
-0.858473
-0.826393
-0.794022
-0.761375
-0.72847
-0.695322
-0.661949
-0.628366
-0.594591
-0.56064
-0.526528
-0.492273
-0.457892
-0.4234
-0.388813
-0.35415
-0.319425
-0.284656
-0.249859
-0.21505
-0.180247
-0.145466
-0.110723
-0.0760355
-0.0414199
-0.00689347
0.0275102
0.0617818
0.0959078
0.129871
0.163655
0.197242
0.230615
0.263757
0.29665
0.329277
0.36162
0.393662
0.425384
0.456769
0.487799
0.518455
0.548721
0.578576
0.608004
0.636985
0.6655
0.693532
0.72106
0.748067
0.774533
0.800439
0.825765
0.850493
0.874603
0.898075
0.920889
0.943026
0.964467
0.985191
1.00518
1.02441
1.04286
1.06052
1.07736
1.09337
1.10852
1.12279
1.13617
1.14863
1.16016
1.17074
1.18034
1.18896
1.19656
1.20314
1.20867
1.21313
1.21652
1.21882
1.22
1.22005
1.21897
1.21673
1.21332
1.20873
1.20296
1.19598
1.18779
1.17839
1.16776
1.15591
1.14282
1.1285
1.11295
1.09616
1.07814
1.05889
1.03842
1.01674
0.993861
0.969792
0.944549
0.918148
0.89061
0.861955
0.832207
0.801392
0.76954
0.736681
0.702847
0.668076
0.632405
0.595875
0.558527
0.520407
0.481562
0.442041
0.401895
0.361176
0.319939
0.27824
0.236136
0.193686
0.15095
0.107988
0.0648618
0.0216332
-0.0216332
-0.0648618
-0.107988
-0.15095
-0.193686
-0.236136
-0.27824
-0.319939
-0.361176
-0.401895
-0.442041
-0.481562
-0.520407
-0.558527
-0.595875
-0.632405
-0.668076
-0.702847
-0.736681
-0.76954
-0.801392
-0.832207
-0.861955
-0.89061
-0.918148
-0.944549
-0.969792
-0.993861
-1.01674
-1.03842
-1.05889
-1.07814
-1.09616
-1.11295
-1.1285
-1.14282
-1.15591
-1.16776
-1.17839
-1.18779
-1.19598
-1.20296
-1.20873
-1.21332
-1.21673
-1.21897
-1.22005
-1.22
-1.21882
-1.21652
-1.21313
-1.20867
-1.20314
-1.19656
-1.18896
-1.18034
-1.17074
-1.16016
-1.14863
-1.13617
-1.12279
-1.10852
-1.09337
-1.07736
-1.06052
-1.04286
-1.02441
-1.00518
-0.985191
-0.964467
-0.943026
-0.920889
-0.898075
-0.874603
-0.850493
-0.825765
-0.800439
-0.774533
-0.748067
-0.72106
-0.693532
-0.6655
-0.636985
-0.608004
-0.578576
-0.548721
-0.518455
-0.487799
-0.456769
-0.425384
-0.393662
-0.36162
-0.329277
-0.29665
-0.263757
-0.230615
-0.197242
-0.163655
-0.129871
-0.0959078
-0.0617818
-0.0275102
0.00689347
0.0414199
0.0760355
0.110723
0.145466
0.180247
0.21505
0.249859
0.284656
0.319425
0.35415
0.388813
0.4234
0.457892
0.492273
0.526528
0.56064
0.594591
0.628366
0.661949
0.695322
0.72847
0.761375
0.794022
0.826393
0.858473
0.890244
0.92169
0.952795
0.983542
1.01391
1.04389
1.07347
1.10262
1.13132
1.15957
1.18734
1.21463
1.2414
1.26765
1.29336
1.31851
1.34308
1.36706
1.39044
1.41319
1.4353
1.45675
1.47753
1.49763
1.51701
1.53568
1.55361
1.57078
1.58719
1.60282
1.61765
1.63167
1.64486
1.65722
1.66872
1.67935
1.68911
1.69798
1.70594
1.71299
1.71912
1.72431
1.72856
1.73186
1.7342
1.73557
1.73597
1.7354
1.73383
1.73129
1.72775
1.72322
1.7177
1.71119
1.7037
1.69521
1.68575
1.67531
1.6639
1.65154
1.63822
1.62396
1.60877
1.59268
1.57568
1.5578
1.53906
1.51947
1.49907
1.47786
1.45588
1.43314
1.40969
1.38553
1.36072
1.33526
1.3092
1.28258
1.25541
1.22774
1.19961
1.17104
1.14209
1.11277
1.08315
1.05324
1.0231
0.992761
0.962262
0.931644
0.900948
0.870211
0.839474
0.808775
0.778153
0.747645
0.717289
0.687121
0.657177
0.627491
0.598096
0.569027
0.540313
0.511985
0.484073
0.456604
0.429605
0.403101
0.377115
0.351671
0.326789
0.302488
0.278787
0.255703
0.23325
0.211442
0.190293
0.169812
0.150009
0.130894
0.112472
0.0947494
0.0777305
0.0614183
0.0458149
0.030921
0.0167362
0.003259
-0.00948751
-0.0215257
-0.032869
-0.0435229
-0.0534938
-0.0627889
-0.0714163
-0.0793846
-0.0867035
-0.0933831
-0.0994342
-0.104868
-0.109698
-0.113934
-0.117592
-0.120684
-0.123224
-0.125228
-0.126709
-0.127684
-0.128167
-0.128176
-0.127726
-0.126833
-0.125516
-0.123791
-0.121676
-0.119187
-0.116344
-0.113165
-0.109666
-0.105868
-0.101789
-0.097447
-0.0928617
-0.0880519
-0.0830369
-0.0778361
-0.0724689
-0.0669548
-0.0613136
-0.0555651
-0.049729
-0.0438254
-0.0378742
-0.0318956
-0.0259097
-0.0199369
-0.0139973
-0.0081113
-0.00229943
0.00341623
0.00901499
0.0144772
0.0197824
0.02491
0.0298393
0.0345498
0.0390209
0.0432319
0.0471621
0.0507911
0.0540981
0.0570627
0.0596643
0.0618823
0.0636964
0.0650862
0.0660314
0.0665118
0.0665073
0.0659979
0.0649638
0.0633852
0.0612428
0.0585171
0.0551891
0.05124
0.0466511
0.0414042
0.0354812
0.0288647
0.0215374
0.0134824
0.00468344
-0.00489007
-0.0152559
-0.0264149
-0.0383813
-0.0511684
-0.0647891
-0.0792552
-0.0945778
-0.110767
-0.127832
-0.145782
-0.164623
-0.18436
-0.205
-0.226546
-0.249
-0.272362
-0.296632
-0.321807
-0.347885
-0.37486
-0.402725
-0.43147
-0.461086
-0.491559
-0.522876
-0.555021
-0.587975
-0.621717
-0.656226
-0.691478
-0.727445
-0.764101
-0.801414
-0.839351
-0.87788
-0.916963
-0.956561
-0.996636
-1.03715
-1.07804
-1.11929
-1.16083
-1.20263
-1.24462
-1.28677
-1.32901
-1.3713
-1.41359
-1.45581
-1.49791
-1.53985
-1.58156
-1.62299
-1.66408
-1.70478
-1.74504
-1.78481
-1.82402
-1.86264
-1.9006
-1.93786
-1.97437
-2.01009
-2.04497
-2.07897
-2.11204
-2.14416
-2.17527
-2.20534
-2.23435
-2.26226
-2.28904
-2.31466
-2.3391
-2.36234
-2.38436
-2.40513
-2.42465
-2.44289
-2.45985
-2.47551
-2.48988
-2.50293
-2.51466
-2.52508
-2.53418
-2.54197
-2.54843
-2.55359
-2.55743
-2.55998
-2.56123
-2.56119
-2.55988
-2.5573
-2.55347
-2.54839
-2.54209
-2.53457
-2.52585
-2.51594
-2.50487
-2.49264
-2.47928
-2.4648
-2.44921
-2.43255
-2.41481
-2.39603
-2.37623
-2.35541
-2.3336
-2.31083
-2.2871
-2.26243
-2.23686
-2.21039
-2.18304
-2.15484
-2.12581
-2.09596
-2.0653
-2.03387
-2.00168
-1.96875
-1.9351
-1.90074
-1.8657
-1.82999
-1.79363
-1.75664
-1.71904
-1.68084
-1.64207
-1.60274
-1.56286
-1.52246
-1.48155
-1.44015
-1.39828
-1.35595
-1.31317
-1.26998
-1.22637
-1.18237
-1.138
-1.09327
-1.04819
-1.00278
-0.957061
-0.911042
-0.864741
-0.818173
-0.771352
-0.724294
-0.677014
-0.629527
-0.581847
-0.53399
-0.48597
-0.437801
-0.389499
-0.341077
-0.292551
-0.243934
-0.195241
-0.146487
-0.097686
-0.0488522
0
