0
0.505379
0.989023
1.43618
1.82528
2.12169
2.26552
2.15294
1.64817
0.806906
0.150127
-0.0526654
-0.0447886
0.0364183
0.110569
0.105891
-0.0788435
-0.582078
-1.15645
-1.50022
-1.57109
-1.44467
-1.19203
-0.861059
-0.483476
-0.0824817
0.311394
0.662155
0.93839
1.08536
0.99991
0.488455
-0.488455
-0.99991
-1.08536
-0.93839
-0.662155
-0.311394
0.0824817
0.483476
0.861059
1.19203
1.44467
1.57109
1.50022
1.15645
0.582078
0.0788435
-0.105891
-0.110569
-0.0364183
0.0447886
0.0526654
-0.150127
-0.806906
-1.64817
-2.15294
-2.26552
-2.12169
-1.82528
-1.43618
-0.989023
-0.505379
0
