0
0.244577
0.486699
0.725426
0.959455
1.18684
1.40432
1.60565
1.77515
1.84892
1.21517
-0.051496
-0.0382752
0.0311221
0.0956597
0.105234
-0.402648
-1.26606
-1.33056
-1.22689
-1.06828
-0.883733
-0.684473
-0.476149
-0.262173
-0.0450757
0.170174
0.37719
0.572079
0.746284
0.87727
0.845526
-0.845526
-0.87727
-0.746284
-0.572079
-0.37719
-0.170174
0.0450757
0.262173
0.476149
0.684473
0.883733
1.06828
1.22689
1.33056
1.26606
0.402648
-0.105234
-0.0956597
-0.0311221
0.0382752
0.051496
-1.21517
-1.84892
-1.77515
-1.60565
-1.40432
-1.18684
-0.959455
-0.725426
-0.486699
-0.244577
0
