0
0.348416
0.689713
1.02021
1.33448
1.62372
1.87158
2.04225
2.03762
1.54666
0.339606
-0.052241
-0.0417895
0.0339797
0.103761
0.106003
-0.138578
-0.93782
-1.38867
-1.45926
-1.35091
-1.15574
-0.913277
-0.643065
-0.356391
-0.0610798
0.230595
0.503251
0.745101
0.931504
1.00001
0.703396
-0.703396
-1.00001
-0.931504
-0.745101
-0.503251
-0.230595
0.0610798
0.356391
0.643065
0.913277
1.15574
1.35091
1.45926
1.38867
0.93782
0.138578
-0.106003
-0.103761
-0.0339797
0.0417895
0.052241
-0.339606
-1.54666
-2.03762
-2.04225
-1.87158
-1.62372
-1.33448
-1.02021
-0.689713
-0.348416
0
