0
0.0106457
0.0212913
0.0319367
0.0425818
0.0532266
0.0638712
0.0745154
0.0851593
0.0958027
0.106446
0.117088
0.127731
0.138372
0.149013
0.159654
0.170294
0.180933
0.191572
0.20221
0.212847
0.223483
0.234119
0.244754
0.255388
0.266021
0.276653
0.287285
0.297915
0.308544
0.319173
0.3298
0.340426
0.351051
0.361675
0.372298
0.38292
0.39354
0.404159
0.414776
0.425393
0.436008
0.446621
0.457233
0.467844
0.478453
0.48906
0.499666
0.510271
0.520873
0.531474
0.542073
0.552671
0.563266
0.57386
0.584452
0.595042
0.60563
0.616216
0.6268
0.637382
0.647962
0.65854
0.669116
0.679689
0.69026
0.700829
0.711395
0.72196
0.732521
0.743081
0.753637
0.764192
0.774743
0.785292
0.795839
0.806382
0.816923
0.827462
0.837997
0.848529
0.859059
0.869585
0.880109
0.890629
0.901146
0.911661
0.922172
0.932679
0.943184
0.953685
0.964182
0.974676
0.985167
0.995654
1.00614
1.01662
1.02709
1.03757
1.04803
1.0585
1.06896
1.07942
1.08987
1.10032
1.11076
1.1212
1.13164
1.14207
1.15249
1.16292
1.17333
1.18375
1.19415
1.20456
1.21496
1.22535
1.23574
1.24612
1.2565
1.26688
1.27724
1.28761
1.29796
1.30832
1.31866
1.329
1.33934
1.34967
1.35999
1.37031
1.38062
1.39092
1.40122
1.41151
1.4218
1.43208
1.44235
1.45262
1.46288
1.47313
1.48337
1.49361
1.50384
1.51406
1.52428
1.53449
1.54469
1.55488
1.56506
1.57524
1.58541
1.59557
1.60572
1.61586
1.62599
1.63612
1.64623
1.65634
1.66643
1.67652
1.6866
1.69667
1.70672
1.71677
1.72681
1.73684
1.74685
1.75686
1.76685
1.77683
-0.0113021
-0.0276631
-0.0389692
-0.0471403
-0.0531558
-0.0575862
-0.0607953
-0.0630307
-0.0644694
-0.0652428
-0.0654517
-0.0651751
-0.0644766
-0.0634079
-0.0620121
-0.0603253
-0.0583783
-0.0561974
-0.0538058
-0.0512234
-0.0484681
-0.0455555
-0.0424999
-0.0393139
-0.036009
-0.0325958
-0.029084
-0.0254823
-0.0217991
-0.018042
-0.0142181
-0.0103341
-0.00639648
-0.00241067
0.0016226
0.00569725
0.00979898
0.0139221
0.0180616
0.0222125
0.02637
0.0305294
0.034686
0.0388349
0.0429714
0.0470906
0.0511878
0.0552578
0.0592956
0.0632959
0.0672531
0.0711617
0.0750157
0.0788089
0.0825346
0.086186
0.0897556
0.0932354
0.096617
0.099891
0.103048
0.106076
0.108964
0.111698
0.114264
0.116645
0.118823
0.120777
0.122483
0.123913
0.125037
0.125815
0.126205
0.126151
0.125589
0.124437
0.122591
0.119916
0.116229
0.111277
0.104684
0.0958632
0.0837952
0.066445
0.0386176
-1.449
-1.44067
-1.4323
-1.4239
-1.41545
-1.40697
-1.39846
-1.38991
-1.38133
-1.37272
-1.36408
-1.35541
-1.34671
-1.33798
-1.32923
-1.32044
-1.31164
-1.3028
-1.29394
-1.28506
-1.27616
-1.26723
-1.25828
-1.24931
-1.24032
-1.2313
-1.22227
-1.21322
-1.20415
-1.19506
-1.18595
-1.17682
-1.16768
-1.15852
-1.14934
-1.14015
-1.13094
-1.12171
-1.11247
-1.10322
-1.09395
-1.08467
-1.07537
-1.06606
-1.05674
-1.0474
-1.03805
-1.02869
-1.01932
-1.00993
-1.00053
-0.991126
-0.981707
-0.972277
-0.962836
-0.953385
-0.943924
-0.934452
-0.924971
-0.915481
-0.905981
-0.896472
-0.886954
-0.877427
-0.867892
-0.858348
-0.848796
-0.839237
-0.829669
-0.820094
-0.810511
-0.800921
-0.791324
-0.781719
-0.772108
-0.76249
-0.752866
-0.743236
-0.733599
-0.723956
-0.714307
-0.704652
-0.694992
-0.685326
-0.675655
-0.665978
-0.656297
-0.64661
-0.636919
-0.627223
-0.617522
-0.607817
-0.598107
-0.588394
-0.578676
-0.568954
-0.559228
-0.549499
-0.539766
-0.530029
-0.520289
-0.510546
-0.5008
-0.49105
-0.481298
-0.471542
-0.461784
-0.452024
-0.44226
-0.432495
-0.422727
-0.412957
-0.403185
-0.39341
-0.383634
-0.373856
-0.364077
-0.354296
-0.344513
-0.334729
-0.324944
-0.315157
-0.30537
-0.295581
-0.285791
-0.276001
-0.26621
-0.256419
-0.246627
-0.236834
-0.227042
-0.217249
-0.207456
-0.197663
-0.18787
-0.178077
-0.168284
-0.158492
-0.148701
-0.13891
-0.12912
-0.11933
-0.109542
-0.0997539
-0.0899674
-0.080182
-0.070398
-0.0606154
-0.0508343
-0.0410548
-0.031277
-0.0215012
-0.0117274
-0.00195632
0.00780723
0.017567
0.0273234
0.0370765
0.0468262
0.0565725
0.0663153
0.0760545
0.08579
0.0955216
0.105249
0.114973
0.124692
0.134407
0.144118
0.153824
0.163525
0.173222
0.182913
0.192599
0.202281
0.211956
0.221626
0.231291
0.24095
0.250603
0.260249
0.26989
0.279524
0.289151
0.298772
0.308385
0.317992
0.327592
0.337184
0.346768
0.356345
0.365914
0.375475
0.385027
0.394571
0.404106
0.413632
0.423149
0.432657
0.442156
0.451644
0.461123
0.470592
0.48005
0.489497
0.498934
0.508359
0.517773
0.527175
0.536565
0.545943
0.555309
0.564662
0.574002
0.583328
0.592641
0.601939
0.611224
0.620493
0.629748
0.638987
0.64821
0.657417
0.666608
0.675782
0.684938
0.694076
0.703196
0.712298
0.72138
0.730442
0.739485
0.748506
0.757506
0.766485
0.77544
0.784373
0.793282
0.802167
0.811026
0.81986
0.828667
0.837447
0.846199
0.854922
0.863614
0.872276
0.880907
0.889504
0.898067
0.906596
0.915088
0.923543
0.93196
0.940336
0.94867
-0.94867
-0.940336
-0.93196
-0.923543
-0.915088
-0.906596
-0.898067
-0.889504
-0.880907
-0.872276
-0.863614
-0.854922
-0.846199
-0.837447
-0.828667
-0.81986
-0.811026
-0.802167
-0.793282
-0.784373
-0.77544
-0.766485
-0.757506
-0.748506
-0.739485
-0.730442
-0.72138
-0.712298
-0.703196
-0.694076
-0.684938
-0.675782
-0.666608
-0.657417
-0.64821
-0.638987
-0.629748
-0.620493
-0.611224
-0.601939
-0.592641
-0.583328
-0.574002
-0.564662
-0.555309
-0.545943
-0.536565
-0.527175
-0.517773
-0.508359
-0.498934
-0.489497
-0.48005
-0.470592
-0.461123
-0.451644
-0.442156
-0.432657
-0.423149
-0.413632
-0.404106
-0.394571
-0.385027
-0.375475
-0.365914
-0.356345
-0.346768
-0.337184
-0.327592
-0.317992
-0.308385
-0.298772
-0.289151
-0.279524
-0.26989
-0.260249
-0.250603
-0.24095
-0.231291
-0.221626
-0.211956
-0.202281
-0.192599
-0.182913
-0.173222
-0.163525
-0.153824
-0.144118
-0.134407
-0.124692
-0.114973
-0.105249
-0.0955216
-0.08579
-0.0760545
-0.0663153
-0.0565725
-0.0468262
-0.0370765
-0.0273234
-0.017567
-0.00780723
0.00195632
0.0117274
0.0215012
0.031277
0.0410548
0.0508343
0.0606154
0.070398
0.080182
0.0899674
0.0997539
0.109542
0.11933
0.12912
0.13891
0.148701
0.158492
0.168284
0.178077
0.18787
0.197663
0.207456
0.217249
0.227042
0.236834
0.246627
0.256419
0.26621
0.276001
0.285791
0.295581
0.30537
0.315157
0.324944
0.334729
0.344513
0.354296
0.364077
0.373856
0.383634
0.39341
0.403185
0.412957
0.422727
0.432495
0.44226
0.452024
0.461784
0.471542
0.481298
0.49105
0.5008
0.510546
0.520289
0.530029
0.539766
0.549499
0.559228
0.568954
0.578676
0.588394
0.598107
0.607817
0.617522
0.627223
0.636919
0.64661
0.656297
0.665978
0.675655
0.685326
0.694992
0.704652
0.714307
0.723956
0.733599
0.743236
0.752866
0.76249
0.772108
0.781719
0.791324
0.800921
0.810511
0.820094
0.829669
0.839237
0.848796
0.858348
0.867892
0.877427
0.886954
0.896472
0.905981
0.915481
0.924971
0.934452
0.943924
0.953385
0.962836
0.972277
0.981707
0.991126
1.00053
1.00993
1.01932
1.02869
1.03805
1.0474
1.05674
1.06606
1.07537
1.08467
1.09395
1.10322
1.11247
1.12171
1.13094
1.14015
1.14934
1.15852
1.16768
1.17682
1.18595
1.19506
1.20415
1.21322
1.22227
1.2313
1.24032
1.24931
1.25828
1.26723
1.27616
1.28506
1.29394
1.3028
1.31164
1.32044
1.32923
1.33798
1.34671
1.35541
1.36408
1.37272
1.38133
1.38991
1.39846
1.40697
1.41545
1.4239
1.4323
1.44067
1.449
-0.0386176
-0.066445
-0.0837952
-0.0958632
-0.104684
-0.111277
-0.116229
-0.119916
-0.122591
-0.124437
-0.125589
-0.126151
-0.126205
-0.125815
-0.125037
-0.123913
-0.122483
-0.120777
-0.118823
-0.116645
-0.114264
-0.111698
-0.108964
-0.106076
-0.103048
-0.099891
-0.096617
-0.0932354
-0.0897556
-0.086186
-0.0825346
-0.0788089
-0.0750157
-0.0711617
-0.0672531
-0.0632959
-0.0592956
-0.0552578
-0.0511878
-0.0470906
-0.0429714
-0.0388349
-0.034686
-0.0305294
-0.02637
-0.0222125
-0.0180616
-0.0139221
-0.00979898
-0.00569725
-0.0016226
0.00241067
0.00639648
0.0103341
0.0142181
0.018042
0.0217991
0.0254823
0.029084
0.0325958
0.036009
0.0393139
0.0424999
0.0455555
0.0484681
0.0512234
0.0538058
0.0561974
0.0583783
0.0603253
0.0620121
0.0634079
0.0644766
0.0651751
0.0654517
0.0652428
0.0644694
0.0630307
0.0607953
0.0575862
0.0531558
0.0471403
0.0389692
0.0276631
0.0113021
-1.77683
-1.76685
-1.75686
-1.74685
-1.73684
-1.72681
-1.71677
-1.70672
-1.69667
-1.6866
-1.67652
-1.66643
-1.65634
-1.64623
-1.63612
-1.62599
-1.61586
-1.60572
-1.59557
-1.58541
-1.57524
-1.56506
-1.55488
-1.54469
-1.53449
-1.52428
-1.51406
-1.50384
-1.49361
-1.48337
-1.47313
-1.46288
-1.45262
-1.44235
-1.43208
-1.4218
-1.41151
-1.40122
-1.39092
-1.38062
-1.37031
-1.35999
-1.34967
-1.33934
-1.329
-1.31866
-1.30832
-1.29796
-1.28761
-1.27724
-1.26688
-1.2565
-1.24612
-1.23574
-1.22535
-1.21496
-1.20456
-1.19415
-1.18375
-1.17333
-1.16292
-1.15249
-1.14207
-1.13164
-1.1212
-1.11076
-1.10032
-1.08987
-1.07942
-1.06896
-1.0585
-1.04803
-1.03757
-1.02709
-1.01662
-1.00614
-0.995654
-0.985167
-0.974676
-0.964182
-0.953685
-0.943184
-0.932679
-0.922172
-0.911661
-0.901146
-0.890629
-0.880109
-0.869585
-0.859059
-0.848529
-0.837997
-0.827462
-0.816923
-0.806382
-0.795839
-0.785292
-0.774743
-0.764192
-0.753637
-0.743081
-0.732521
-0.72196
-0.711395
-0.700829
-0.69026
-0.679689
-0.669116
-0.65854
-0.647962
-0.637382
-0.6268
-0.616216
-0.60563
-0.595042
-0.584452
-0.57386
-0.563266
-0.552671
-0.542073
-0.531474
-0.520873
-0.510271
-0.499666
-0.48906
-0.478453
-0.467844
-0.457233
-0.446621
-0.436008
-0.425393
-0.414776
-0.404159
-0.39354
-0.38292
-0.372298
-0.361675
-0.351051
-0.340426
-0.3298
-0.319173
-0.308544
-0.297915
-0.287285
-0.276653
-0.266021
-0.255388
-0.244754
-0.234119
-0.223483
-0.212847
-0.20221
-0.191572
-0.180933
-0.170294
-0.159654
-0.149013
-0.138372
-0.127731
-0.117088
-0.106446
-0.0958027
-0.0851593
-0.0745154
-0.0638712
-0.0532266
-0.0425818
-0.0319367
-0.0212913
-0.0106457
0
