0
0.0151599
0.0303192
0.0454779
0.0606359
0.0757929
0.0909489
0.106104
0.121257
0.13641
0.15156
0.166709
0.181857
0.197002
0.212146
0.227287
0.242426
0.257563
0.272697
0.287828
0.302957
0.318083
0.333205
0.348325
0.363441
0.378554
0.393664
0.408769
0.423871
0.438969
0.454062
0.469152
0.484237
0.499317
0.514393
0.529464
0.54453
0.559591
0.574647
0.589697
0.604742
0.619781
0.634815
0.649842
0.664863
0.679878
0.694886
0.709888
0.724883
0.739871
0.754852
0.769826
0.784792
0.79975
0.814701
0.829644
0.844578
0.859505
0.874423
0.889332
0.904232
0.919123
0.934005
0.948877
0.96374
0.978593
0.993436
1.00827
1.02309
1.0379
1.0527
1.06749
1.08227
1.09704
1.11179
1.12653
1.14126
1.15598
1.17069
1.18538
1.20006
1.21472
1.22937
1.24401
1.25863
1.27324
1.28783
1.30241
1.31697
1.33152
1.34605
1.36056
1.37506
1.38954
1.404
1.41845
1.43287
1.44728
1.46167
1.47604
1.49039
1.50472
1.51903
1.53331
1.54758
1.56183
1.57605
1.59025
1.60443
1.61858
1.63271
1.64681
1.66089
1.67495
1.68897
1.70297
1.71695
1.73089
1.74481
1.75869
1.77255
1.78638
1.80017
1.81393
1.82766
1.84136
1.85502
1.86864
1.88223
1.89579
1.9093
1.92278
1.93621
1.94961
1.96296
1.97627
1.98954
2.00276
2.01593
2.02906
2.04214
2.05516
2.06814
2.08106
2.09392
2.10673
2.11948
2.13217
2.1448
2.15736
2.16986
2.18229
2.19465
2.20693
2.21914
2.23127
2.24332
2.25528
2.26716
2.27895
2.29064
2.30223
2.31372
2.32511
2.33638
2.34754
2.35858
2.36949
2.38026
2.3909
0.293532
-0.00754803
-0.0204065
-0.0308334
-0.039313
-0.0461947
-0.0517401
-0.0561501
-0.0595833
-0.0621668
-0.0640046
-0.065183
-0.0657742
-0.0658401
-0.0654333
-0.0645996
-0.0633792
-0.0618072
-0.0599149
-0.0577302
-0.055278
-0.052581
-0.0496598
-0.046533
-0.0432179
-0.0397303
-0.0360849
-0.0322954
-0.0283744
-0.0243341
-0.0201856
-0.0159396
-0.0116064
-0.00719554
-0.00271602
0.00182812
0.00642748
0.0110649
0.0157317
0.0204199
0.0251215
0.0298287
0.0345339
0.0392291
0.0439066
0.0485586
0.0531771
0.0577541
0.0622814
0.0667506
0.071153
0.0754797
0.0797214
0.0838685
0.0879108
0.0918379
0.0956384
0.0993007
0.102812
0.106159
0.109328
0.112302
0.115065
0.1176
0.119886
0.121901
0.123622
0.125023
0.126073
0.126741
0.126989
0.126775
0.126052
0.124763
0.122847
0.120226
0.116814
0.112502
0.107163
0.100637
0.0927224
0.083163
0.0716192
0.0576304
0.0405464
0.0194033
-0.0113003
-0.486251
-1.70219
-1.72334
-1.72418
-1.7238
-1.72245
-1.72025
-1.71733
-1.71376
-1.70962
-1.70495
-1.69982
-1.69426
-1.68831
-1.682
-1.67536
-1.6684
-1.66117
-1.65366
-1.6459
-1.63791
-1.6297
-1.62128
-1.61266
-1.60386
-1.59488
-1.58573
-1.57643
-1.56697
-1.55737
-1.54764
-1.53777
-1.52777
-1.51766
-1.50743
-1.49709
-1.48664
-1.4761
-1.46545
-1.45471
-1.44388
-1.43296
-1.42196
-1.41088
-1.39972
-1.38848
-1.37717
-1.36579
-1.35434
-1.34282
-1.33124
-1.3196
-1.3079
-1.29614
-1.28433
-1.27246
-1.26053
-1.24856
-1.23653
-1.22446
-1.21234
-1.20018
-1.18797
-1.17571
-1.16342
-1.15108
-1.13871
-1.12629
-1.11384
-1.10136
-1.08883
-1.07628
-1.06369
-1.05107
-1.03841
-1.02573
-1.01301
-1.00027
-0.987496
-0.974697
-0.96187
-0.949018
-0.93614
-0.923238
-0.910312
-0.897362
-0.88439
-0.871396
-0.85838
-0.845344
-0.832288
-0.819211
-0.806116
-0.793003
-0.779871
-0.766722
-0.753556
-0.740374
-0.727176
-0.713963
-0.700734
-0.687492
-0.674235
-0.660965
-0.647682
-0.634387
-0.621079
-0.60776
-0.594429
-0.581088
-0.567736
-0.554375
-0.541004
-0.527623
-0.514234
-0.500837
-0.487432
-0.474019
-0.460599
-0.447172
-0.433739
-0.4203
-0.406855
-0.393405
-0.37995
-0.366491
-0.353027
-0.33956
-0.326089
-0.312615
-0.299138
-0.285659
-0.272178
-0.258695
-0.245211
-0.231727
-0.218241
-0.204755
-0.19127
-0.177785
-0.164301
-0.150818
-0.137336
-0.123857
-0.11038
-0.0969053
-0.0834338
-0.0699657
-0.0565013
-0.0430412
-0.0295856
-0.0161351
-0.00269078
0.0107383
0.024158
0.0375693
0.0509719
0.0643656
0.07775
0.0911248
0.104489
0.117844
0.131187
0.144519
0.157839
0.171147
0.184442
0.197724
0.210993
0.224247
0.237487
0.250711
0.26392
0.277112
0.290288
0.303447
0.316588
0.329711
0.342814
0.355898
0.368963
0.382006
0.395028
0.408028
0.421005
0.433959
0.446888
0.459793
0.472673
0.485526
0.498353
0.511151
0.523921
0.536661
0.549371
0.56205
0.574697
0.58731
0.59989
0.612434
0.624942
0.637413
0.649846
0.662239
0.674591
0.686902
0.699169
0.711392
0.723568
0.735698
0.747778
0.759808
0.771785
0.783709
0.795578
0.807389
0.81914
0.83083
0.842456
0.854017
0.86551
0.876932
0.88828
0.899553
0.910747
0.921859
0.932886
0.943825
0.954672
0.965423
0.976074
0.986621
0.997059
1.00738
1.01759
1.02767
1.03762
1.04743
1.0571
1.06662
1.07597
1.08516
1.09417
1.10299
1.11161
1.12001
1.12818
1.13611
1.14378
1.15116
1.15824
1.16498
1.17136
1.17735
1.1829
-1.1829
-1.17735
-1.17136
-1.16498
-1.15824
-1.15116
-1.14378
-1.13611
-1.12818
-1.12001
-1.11161
-1.10299
-1.09417
-1.08516
-1.07597
-1.06662
-1.0571
-1.04743
-1.03762
-1.02767
-1.01759
-1.00738
-0.997059
-0.986621
-0.976074
-0.965423
-0.954672
-0.943825
-0.932886
-0.921859
-0.910747
-0.899553
-0.88828
-0.876932
-0.86551
-0.854017
-0.842456
-0.83083
-0.81914
-0.807389
-0.795578
-0.783709
-0.771785
-0.759808
-0.747778
-0.735698
-0.723568
-0.711392
-0.699169
-0.686902
-0.674591
-0.662239
-0.649846
-0.637413
-0.624942
-0.612434
-0.59989
-0.58731
-0.574697
-0.56205
-0.549371
-0.536661
-0.523921
-0.511151
-0.498353
-0.485526
-0.472673
-0.459793
-0.446888
-0.433959
-0.421005
-0.408028
-0.395028
-0.382006
-0.368963
-0.355898
-0.342814
-0.329711
-0.316588
-0.303447
-0.290288
-0.277112
-0.26392
-0.250711
-0.237487
-0.224247
-0.210993
-0.197724
-0.184442
-0.171147
-0.157839
-0.144519
-0.131187
-0.117844
-0.104489
-0.0911248
-0.07775
-0.0643656
-0.0509719
-0.0375693
-0.024158
-0.0107383
0.00269078
0.0161351
0.0295856
0.0430412
0.0565013
0.0699657
0.0834338
0.0969053
0.11038
0.123857
0.137336
0.150818
0.164301
0.177785
0.19127
0.204755
0.218241
0.231727
0.245211
0.258695
0.272178
0.285659
0.299138
0.312615
0.326089
0.33956
0.353027
0.366491
0.37995
0.393405
0.406855
0.4203
0.433739
0.447172
0.460599
0.474019
0.487432
0.500837
0.514234
0.527623
0.541004
0.554375
0.567736
0.581088
0.594429
0.60776
0.621079
0.634387
0.647682
0.660965
0.674235
0.687492
0.700734
0.713963
0.727176
0.740374
0.753556
0.766722
0.779871
0.793003
0.806116
0.819211
0.832288
0.845344
0.85838
0.871396
0.88439
0.897362
0.910312
0.923238
0.93614
0.949018
0.96187
0.974697
0.987496
1.00027
1.01301
1.02573
1.03841
1.05107
1.06369
1.07628
1.08883
1.10136
1.11384
1.12629
1.13871
1.15108
1.16342
1.17571
1.18797
1.20018
1.21234
1.22446
1.23653
1.24856
1.26053
1.27246
1.28433
1.29614
1.3079
1.3196
1.33124
1.34282
1.35434
1.36579
1.37717
1.38848
1.39972
1.41088
1.42196
1.43296
1.44388
1.45471
1.46545
1.4761
1.48664
1.49709
1.50743
1.51766
1.52777
1.53777
1.54764
1.55737
1.56697
1.57643
1.58573
1.59488
1.60386
1.61266
1.62128
1.6297
1.63791
1.6459
1.65366
1.66117
1.6684
1.67536
1.682
1.68831
1.69426
1.69982
1.70495
1.70962
1.71376
1.71733
1.72025
1.72245
1.7238
1.72418
1.72334
1.70219
0.486251
0.0113003
-0.0194033
-0.0405464
-0.0576304
-0.0716192
-0.083163
-0.0927224
-0.100637
-0.107163
-0.112502
-0.116814
-0.120226
-0.122847
-0.124763
-0.126052
-0.126775
-0.126989
-0.126741
-0.126073
-0.125023
-0.123622
-0.121901
-0.119886
-0.1176
-0.115065
-0.112302
-0.109328
-0.106159
-0.102812
-0.0993007
-0.0956384
-0.0918379
-0.0879108
-0.0838685
-0.0797214
-0.0754797
-0.071153
-0.0667506
-0.0622814
-0.0577541
-0.0531771
-0.0485586
-0.0439066
-0.0392291
-0.0345339
-0.0298287
-0.0251215
-0.0204199
-0.0157317
-0.0110649
-0.00642748
-0.00182812
0.00271602
0.00719554
0.0116064
0.0159396
0.0201856
0.0243341
0.0283744
0.0322954
0.0360849
0.0397303
0.0432179
0.046533
0.0496598
0.052581
0.055278
0.0577302
0.0599149
0.0618072
0.0633792
0.0645996
0.0654333
0.0658401
0.0657742
0.065183
0.0640046
0.0621668
0.0595833
0.0561501
0.0517401
0.0461947
0.039313
0.0308334
0.0204065
0.00754803
-0.293532
-2.3909
-2.38026
-2.36949
-2.35858
-2.34754
-2.33638
-2.32511
-2.31372
-2.30223
-2.29064
-2.27895
-2.26716
-2.25528
-2.24332
-2.23127
-2.21914
-2.20693
-2.19465
-2.18229
-2.16986
-2.15736
-2.1448
-2.13217
-2.11948
-2.10673
-2.09392
-2.08106
-2.06814
-2.05516
-2.04214
-2.02906
-2.01593
-2.00276
-1.98954
-1.97627
-1.96296
-1.94961
-1.93621
-1.92278
-1.9093
-1.89579
-1.88223
-1.86864
-1.85502
-1.84136
-1.82766
-1.81393
-1.80017
-1.78638
-1.77255
-1.75869
-1.74481
-1.73089
-1.71695
-1.70297
-1.68897
-1.67495
-1.66089
-1.64681
-1.63271
-1.61858
-1.60443
-1.59025
-1.57605
-1.56183
-1.54758
-1.53331
-1.51903
-1.50472
-1.49039
-1.47604
-1.46167
-1.44728
-1.43287
-1.41845
-1.404
-1.38954
-1.37506
-1.36056
-1.34605
-1.33152
-1.31697
-1.30241
-1.28783
-1.27324
-1.25863
-1.24401
-1.22937
-1.21472
-1.20006
-1.18538
-1.17069
-1.15598
-1.14126
-1.12653
-1.11179
-1.09704
-1.08227
-1.06749
-1.0527
-1.0379
-1.02309
-1.00827
-0.993436
-0.978593
-0.96374
-0.948877
-0.934005
-0.919123
-0.904232
-0.889332
-0.874423
-0.859505
-0.844578
-0.829644
-0.814701
-0.79975
-0.784792
-0.769826
-0.754852
-0.739871
-0.724883
-0.709888
-0.694886
-0.679878
-0.664863
-0.649842
-0.634815
-0.619781
-0.604742
-0.589697
-0.574647
-0.559591
-0.54453
-0.529464
-0.514393
-0.499317
-0.484237
-0.469152
-0.454062
-0.438969
-0.423871
-0.408769
-0.393664
-0.378554
-0.363441
-0.348325
-0.333205
-0.318083
-0.302957
-0.287828
-0.272697
-0.257563
-0.242426
-0.227287
-0.212146
-0.197002
-0.181857
-0.166709
-0.15156
-0.13641
-0.121257
-0.106104
-0.0909489
-0.0757929
-0.0606359
-0.0454779
-0.0303192
-0.0151599
0
