0
0.776763
1.47535
2.03227
2.3805
2.45706
2.22687
1.72428
1.08309
0.496102
0.107137
-0.052905
-0.0474139
0.038553
0.116447
0.105321
-0.0595007
-0.408122
-0.873505
-1.32087
-1.61423
-1.67975
-1.51378
-1.15679
-0.66807
-0.113167
0.42724
0.867307
1.13393
1.15585
0.884542
0.338647
-0.338647
-0.884542
-1.15585
-1.13393
-0.867307
-0.42724
0.113167
0.66807
1.15679
1.51378
1.67975
1.61423
1.32087
0.873505
0.408122
0.0595007
-0.105321
-0.116447
-0.038553
0.0474139
0.052905
-0.107137
-0.496102
-1.08309
-1.72428
-2.22687
-2.45706
-2.3805
-2.03227
-1.47535
-0.776763
0
